celltype,arm,gene,n_peaks,lfc_atac,lfc_rna,padj_rna,rna_hit,concord
Astro,all_donors,ISG15,5,-0.01755,0.18316,0.9008186109444148,False,False
Astro,all_donors,AGRN,1,-0.04132,0.07489,0.9587688417484072,False,False
Astro,all_donors,VWA1,3,0.02252,0.19733,0.8606753552723297,False,True
Astro,all_donors,MMEL1,1,0.00292,1.39684,,False,True
Astro,all_donors,MEGF6,25,0.03422,1.14124,0.3873790927767683,False,True
Astro,all_donors,TNFRSF25,1,0.31572,-0.50693,0.7693870171843106,False,False
Astro,all_donors,CORT,1,-0.16657,0.30285,,False,False
Astro,all_donors,ANGPTL7,2,-0.51905,0.08494,,False,False
Astro,all_donors,DRAXIN,2,0.32892,1.68929,,False,True
Astro,all_donors,NPPA,2,-0.26089,0.59955,,False,False
Astro,all_donors,TNFRSF1B,2,-0.05533,0.17591,0.9451818298845536,False,False
Astro,all_donors,CELA2B,1,0.13541,0.36756,0.8536754503100814,False,True
Astro,all_donors,NBL1,14,-0.2549,-0.10593,0.91863794422707,False,True
Astro,all_donors,PLA2G5,1,-0.29496,-0.86952,0.3153971913192685,False,True
Astro,all_donors,PLA2G2C,2,-0.37396,-0.08287,,False,True
Astro,all_donors,VWA5B1,2,0.04958,-0.34171,,False,False
Astro,all_donors,HSPG2,2,-0.02496,-0.3107,0.8005333952690744,False,True
Astro,all_donors,WNT4,1,0.40928,0.61347,,False,True
Astro,all_donors,C1QA,2,-0.51985,1.53968,0.6514601718557442,False,False
Astro,all_donors,C1QC,3,0.14932,0.87531,0.7974236385706738,False,True
Astro,all_donors,C1QB,3,0.24897,1.37125,0.6137389876523864,False,True
Astro,all_donors,COL16A1,3,0.11698,0.13581,0.8937485246753931,False,True
Astro,all_donors,ADGRB2,5,0.16671,-0.34606,0.638277787867011,False,False
Astro,all_donors,FNDC5,2,-0.20954,-0.65632,0.3608249525712216,False,True
Astro,all_donors,COL8A2,7,-0.06391,1.97074,,False,False
Astro,all_donors,CSF3R,1,-0.18111,-0.69719,0.7872643998390298,False,True
Astro,all_donors,EPHA10,3,-0.41069,-1.09098,,False,True
Astro,all_donors,BMP8A,3,-0.60104,-0.27033,,False,True
Astro,all_donors,BMP8B,2,-0.34017,-0.01638,,False,True
Astro,all_donors,PPT1,6,-0.0024,0.10476,0.8961354658979104,False,False
Astro,all_donors,COL9A2,1,0.14366,0.68376,0.4680949488297578,False,True
Astro,all_donors,YBX1,1,0.06796,0.12184,0.8430410233507193,False,True
Astro,all_donors,P3H1,1,-0.00863,-0.29431,0.735562152506883,False,True
Astro,all_donors,SVBP,1,0.10863,0.10374,0.9451818298845536,False,True
Astro,all_donors,ST3GAL3,7,0.0437,-0.01114,0.9890472449310118,False,False
Astro,all_donors,SPATA6,1,-0.07562,-0.21109,0.6862253796334,False,True
Astro,all_donors,GPX7,1,-0.06472,-0.0831,0.9617205908584252,False,True
Astro,all_donors,PODN,1,-0.02148,1.42482,0.2383882758507339,False,False
Astro,all_donors,LRP8,1,-0.06842,-0.49184,0.1873895670618255,False,True
Astro,all_donors,SSBP3-AS1,1,-0.18068,-0.63707,,False,True
Astro,all_donors,LEPR,20,0.04112,-0.1478,0.9024643135552328,False,False
Astro,all_donors,CCN1,2,0.10724,1.11624,0.25876937122106,False,True
Astro,all_donors,COL24A1,1,-0.3152,-0.14113,0.9382637485700968,False,True
Astro,all_donors,CLCA4,1,0.05321,0.01087,,False,True
Astro,all_donors,GBP1,1,0.21948,1.31234,0.2603952569373993,False,True
Astro,all_donors,TGFBR3,9,0.00775,0.13675,0.8317105828938055,False,True
Astro,all_donors,F3,2,0.01685,0.09862,0.9424325982527793,False,True
Astro,all_donors,VCAM1,2,0.02045,0.9858,0.4860450210010446,False,True
Astro,all_donors,EXTL2,1,-0.13254,0.01926,0.9789888676906592,False,False
Astro,all_donors,OLFM3,25,-0.50815,-1.15719,0.3838505838867324,False,True
Astro,all_donors,COL11A1,1,0.00926,-0.46515,0.5051498480615478,False,False
Astro,all_donors,AMY2B,3,-0.22518,-0.03806,0.9740063566592082,False,True
Astro,all_donors,AMY2A,1,-0.31927,-0.73061,,False,True
Astro,all_donors,CSF1,2,0.11245,0.45451,0.4377182342740038,False,True
Astro,all_donors,CHI3L2,12,0.23383,1.22602,0.7225730189174436,False,True
Astro,all_donors,WNT2B,3,-0.07925,0.34412,0.816165849778417,False,False
Astro,all_donors,OLFML3,2,0.03593,1.47246,,False,True
Astro,all_donors,NGF,1,0.11505,0.46452,,False,True
Astro,all_donors,CD160,3,-0.08059,-0.27883,,False,True
Astro,all_donors,NOTCH2NLA,1,0.62477,0.27487,0.6698071037527966,False,True
Astro,all_donors,NOTCH2NLC,1,-0.1323,0.05717,0.9596676230330844,False,False
Astro,all_donors,C1orf54,3,0.10838,-0.11583,0.8587286618205612,False,False
Astro,all_donors,ECM1,3,-0.09404,1.78865,,False,False
Astro,all_donors,ADAMTSL4,2,-0.07122,0.80839,0.5356112752697912,False,False
Astro,all_donors,CTSS,2,-0.46862,0.30577,0.8530626397294753,False,False
Astro,all_donors,CTSK,2,-0.09085,0.05118,0.9839533117194104,False,False
Astro,all_donors,C1orf56,2,0.16223,0.22769,0.8707207505642711,False,True
Astro,all_donors,TUFT1,1,-0.26663,-0.26405,,False,True
Astro,all_donors,S100A9,1,0.24009,2.63906,,False,True
Astro,all_donors,S100A8,1,0.32325,-0.72774,,False,False
Astro,all_donors,S100A4,3,0.29951,2.44134,,False,True
Astro,all_donors,S100A13,2,0.15062,0.21814,0.8063337592967763,False,True
Astro,all_donors,IL6R,3,0.16287,-0.22239,0.8133941864983972,False,False
Astro,all_donors,EFNA4,2,-0.0984,0.49165,,False,False
Astro,all_donors,EFNA1,2,-0.08607,0.49883,0.7822125438984271,False,False
Astro,all_donors,MUC1,2,0.05565,0.67494,0.5153480004262535,False,True
Astro,all_donors,THBS3,1,-0.00241,-0.01509,0.9899958270808284,False,True
Astro,all_donors,BGLAP,2,0.31251,1.68921,,False,True
Astro,all_donors,NAXE,2,-0.05306,0.37428,0.7918536705915252,False,False
Astro,all_donors,HAPLN2,1,-0.46233,0.94565,0.4268315176427786,False,False
Astro,all_donors,BCAN,2,-0.02449,-0.417,0.5049874366267868,False,True
Astro,all_donors,HDGF,1,-0.00172,0.27469,0.6958359289334557,False,False
Astro,all_donors,COPA,1,-0.19499,-0.15412,0.6711765205065459,False,True
Astro,all_donors,ADAMTS4,4,0.06558,0.64476,,False,True
Astro,all_donors,FCGR3A,1,0.0194,1.30752,0.7549543602661084,False,True
Astro,all_donors,OLFML2B,14,0.10314,-0.04833,,False,False
Astro,all_donors,CREG1,1,0.2964,0.49375,0.4730279284829464,False,True
Astro,all_donors,F5,2,0.25952,0.73224,0.5874428766110423,False,True
Astro,all_donors,TNN,2,-0.67157,-0.51265,,False,True
Astro,all_donors,TNR,3,0.22967,-0.03677,0.9826481105595156,False,False
Astro,all_donors,PAPPA2,1,-0.25151,0.66746,0.0817221227349393,True,False
Astro,all_donors,BRINP2,1,0.10432,-0.33325,0.7974236385706738,False,False
Astro,all_donors,ANGPTL1,1,0.01054,-0.22907,0.8536898977040497,False,False
Astro,all_donors,QSOX1,2,-0.29748,-0.26355,0.8032221395107267,False,True
Astro,all_donors,MR1,1,-0.21286,0.2427,0.7809004593331138,False,False
Astro,all_donors,LAMC1,1,0.18,0.3725,0.4168733225485977,False,True
Astro,all_donors,HMCN1,1,-0.22035,0.72691,,False,False
Astro,all_donors,BRINP3,3,0.00065,-0.62997,0.28549362117688,False,False
Astro,all_donors,CFH,2,-0.56334,1.80786,0.390547213752529,False,False
Astro,all_donors,CRB1,31,0.21959,0.0764,0.9082759821780236,False,True
Astro,all_donors,RNPEP,1,0.14961,0.09552,0.9121805196760724,False,True
Astro,all_donors,CHI3L1,2,-0.23489,1.12631,0.5877237122236736,False,False
Astro,all_donors,CHIT1,1,-0.12401,0.77764,,False,False
Astro,all_donors,FMOD,2,0.09558,2.60094,,False,True
Astro,all_donors,PRELP,3,0.0985,0.24189,0.8308103036201012,False,True
Astro,all_donors,REN,4,-0.41837,0.28689,,False,False
Astro,all_donors,CNTN2,2,-0.17249,0.49461,0.6646036480574861,False,False
Astro,all_donors,PM20D1,2,0.53283,-0.343,0.8683656811127171,False,False
Astro,all_donors,IL19,17,-0.21913,-0.16112,,False,True
Astro,all_donors,C4BPA,1,0.05681,1.75878,,False,True
Astro,all_donors,CD55,1,0.06811,0.30173,0.7066847180386444,False,True
Astro,all_donors,CR1L,1,0.0941,0.18959,,False,True
Astro,all_donors,LAMB3,3,0.07891,0.08266,,False,True
Astro,all_donors,NENF,1,0.38687,0.32751,0.7250428574042281,False,True
Astro,all_donors,VASH2,2,-0.24175,-0.432,,False,True
Astro,all_donors,USH2A,2,0.04583,-1.21247,0.0168189642329121,True,False
Astro,all_donors,TGFB2,3,0.18002,0.09682,0.8726915676203372,False,True
Astro,all_donors,SUSD4,1,-0.12719,-0.57361,0.4768093112440079,False,True
Astro,all_donors,LEFTY1,2,-0.03097,0.32047,0.8561150861851133,False,False
Astro,all_donors,WNT9A,2,0.28561,0.88373,,False,True
Astro,all_donors,GALNT2,1,0.02023,-0.28116,0.5259284925896791,False,False
Astro,all_donors,AGT,1,-0.07328,0.00857,0.9943398500814364,False,False
Astro,all_donors,NID1,2,-0.33923,-0.40984,0.673356456359345,False,True
Astro,all_donors,GREM2,1,-0.20869,0.02008,,False,False
Astro,all_donors,NLRP3,2,-0.19726,0.52325,,False,False
Astro,all_donors,ALKAL2,1,0.35175,-0.42631,,False,False
Astro,all_donors,PXDN,1,-0.22571,-0.84185,0.7379448242455213,False,True
Astro,all_donors,COLEC11,5,-0.29402,1.60597,,False,False
Astro,all_donors,GDF7,1,-0.47461,-1.20434,,False,True
Astro,all_donors,APOB,1,-0.00458,1.34997,,False,False
Astro,all_donors,POMC,1,-0.10907,-0.9266,,False,True
Astro,all_donors,EMILIN1,1,-0.08823,0.82868,0.4137308170959418,False,False
Astro,all_donors,CGREF1,2,-0.00791,0.3395,0.8240499659650264,False,False
Astro,all_donors,UCN,2,0.49213,0.51919,0.6394155979687773,False,True
Astro,all_donors,FNDC4,1,0.08362,0.47974,0.7356363356080049,False,True
Astro,all_donors,LTBP1,27,-0.09326,-0.15522,0.8634660908835542,False,True
Astro,all_donors,CRIM1,2,0.04132,-0.02168,0.9826481105595156,False,False
Astro,all_donors,VIT,1,0.11204,-0.03502,0.992208632601106,False,False
Astro,all_donors,QPCT,2,-0.13571,0.17895,,False,False
Astro,all_donors,PKDCC,2,0.05249,-0.30302,0.7946817973672803,False,False
Astro,all_donors,EFEMP1,1,0.33477,0.65701,0.4843933288488701,False,True
Astro,all_donors,TGFA,2,-0.48175,0.00621,0.9977566765189652,False,False
Astro,all_donors,PRADC1,1,-0.14853,0.12396,0.9184352778173632,False,False
Astro,all_donors,LOXL3,1,-0.01848,0.10063,0.8819887630527389,False,False
Astro,all_donors,GNLY,1,-0.46613,2.24295,,False,False
Astro,all_donors,CD8A,2,0.23983,-0.07067,,False,False
Astro,all_donors,THNSL2,2,0.41493,0.35906,0.7872643998390298,False,True
Astro,all_donors,MGAT4A,11,0.02477,-0.04412,0.958307623205143,False,False
Astro,all_donors,CREG2,2,-0.15614,0.27976,0.874973737067056,False,False
Astro,all_donors,IL1R1,9,0.36551,0.52742,0.7066847180386444,False,True
Astro,all_donors,ECRG4,1,0.48336,1.35437,0.5187917511852285,False,True
Astro,all_donors,FBLN7,2,-0.30536,-0.0773,,False,True
Astro,all_donors,IL1A,2,0.22213,-2.10884,,False,False
Astro,all_donors,C1QL2,1,-0.39558,0.04749,0.9859721585606224,False,False
Astro,all_donors,INHBB,1,0.07261,0.31923,0.7143190267885601,False,True
Astro,all_donors,PROC,1,0.00542,0.29232,,False,True
Astro,all_donors,MGAT5,36,-0.02889,-0.19759,0.7066847180386444,False,True
Astro,all_donors,NXPH2,3,-0.36388,-0.06359,,False,True
Astro,all_donors,LYPD6,3,-0.15285,-0.65603,0.0310629549903948,True,True
Astro,all_donors,NMI,1,-0.05662,-0.14652,0.9184632371016972,False,True
Astro,all_donors,TNFAIP6,2,0.23652,-1.05532,0.5079893326622972,False,False
Astro,all_donors,PLA2R1,3,-0.14651,-0.23234,0.9191752552290622,False,True
Astro,all_donors,FAP,3,0.27369,2.62821,4.536097525119569e-05,True,True
Astro,all_donors,FRZB,2,-0.38934,0.32801,0.8495063235032456,False,False
Astro,all_donors,TFPI,3,-0.20034,1.8643,0.1149633386827638,False,False
Astro,all_donors,COL3A1,1,0.18663,-0.19069,0.9664798074560356,False,False
Astro,all_donors,COL5A2,1,0.07507,-0.01561,0.9870342019357808,False,False
Astro,all_donors,MSTN,4,0.29183,-0.74856,0.4055715907035597,False,False
Astro,all_donors,TMEFF2,3,-0.14428,-0.36751,0.7993823828058372,False,True
Astro,all_donors,NRP2,2,0.09517,0.37637,0.8085622297301501,False,True
Astro,all_donors,ADAM23,1,0.2215,0.08506,0.9181158611086122,False,True
Astro,all_donors,VWC2L,1,-0.17684,0.03143,0.9826481105595156,False,False
Astro,all_donors,FN1,1,-0.37705,-1.51092,0.0712549622552988,True,True
Astro,all_donors,IGFBP2,4,-0.74997,-0.09967,0.9665290108658796,False,True
Astro,all_donors,IGFBP5,2,0.10425,1.58079,0.017562458325168,True,True
Astro,all_donors,ABCB6,1,0.03375,0.23227,0.8359183281395856,False,True
Astro,all_donors,GLB1L,2,0.14906,0.38749,0.7946817973672803,False,True
Astro,all_donors,INHA,1,0.00602,0.04337,0.9817301070923404,False,True
Astro,all_donors,SCG2,2,0.68381,1.01481,0.4537659007157378,False,True
Astro,all_donors,SERPINE2,3,0.14211,-0.32249,0.3086545763311567,False,False
Astro,all_donors,COL4A4,1,-0.27643,0.9904,,False,False
Astro,all_donors,COL4A3,1,-0.27643,0.65626,0.5656186159970356,False,False
Astro,all_donors,NPPC,1,-0.05761,1.41664,,False,False
Astro,all_donors,SNORC,2,-0.12856,-0.2922,0.8112339653395315,False,True
Astro,all_donors,COL6A3,6,0.07544,0.00598,0.9977566765189652,False,True
Astro,all_donors,OTOS,2,0.02765,2.27294,0.0639029492505429,True,True
Astro,all_donors,GPC1,6,-0.05919,-0.1331,0.871499516671907,False,True
Astro,all_donors,SNED1,12,0.08938,0.51201,0.4374375891842221,False,True
Astro,all_donors,CHL1,31,-0.0343,-0.38206,0.1263419143847716,False,True
Astro,all_donors,CNTN4,69,-0.39694,-1.02371,0.193816953789722,False,True
Astro,all_donors,IL17RE,2,0.315,0.97765,0.3819634236034862,False,True
Astro,all_donors,GHRL,4,-0.38285,-0.29091,,False,True
Astro,all_donors,TIMP4,1,-0.09392,0.24985,,False,False
Astro,all_donors,FBLN2,6,-0.4107,0.40242,0.8378862355093042,False,False
Astro,all_donors,WNT7A,1,0.03094,-0.33624,0.8133941864983972,False,False
Astro,all_donors,COLQ,7,0.45217,0.0336,0.9697298703540896,False,True
Astro,all_donors,BTD,8,0.07093,0.16962,0.7144570533413543,False,True
Astro,all_donors,TGFBR2,2,0.48431,0.20306,0.94193020658272,False,True
Astro,all_donors,CRTAP,1,0.18574,0.47081,0.1537889720646322,False,True
Astro,all_donors,PDCD6IP,1,0.03543,0.02272,0.961917236786802,False,True
Astro,all_donors,CCK,4,0.32547,1.01537,0.6587865891075945,False,True
Astro,all_donors,GASK1A,2,0.08752,-0.39726,0.5633855584583471,False,False
Astro,all_donors,CDCP1,2,0.03271,0.24761,,False,True
Astro,all_donors,LTF,2,-0.31153,0.28342,,False,False
Astro,all_donors,CSPG5,1,-0.17393,-0.92001,0.322338261138547,False,True
Astro,all_donors,SPINK8,1,0.01792,0.17933,,False,True
Astro,all_donors,PLXNB1,4,0.03156,0.30139,0.6108331625599407,False,True
Astro,all_donors,COL7A1,3,-0.27763,0.8861,0.4588879274953572,False,False
Astro,all_donors,LAMB2,1,0.09289,0.50424,0.4689284715882267,False,True
Astro,all_donors,DAG1,1,0.05463,-0.15422,0.7693870171843106,False,False
Astro,all_donors,MST1,1,0.01338,0.36156,0.6646036480574861,False,True
Astro,all_donors,SEMA3F,3,0.06626,-0.20561,,False,False
Astro,all_donors,SEMA3B,3,-0.11807,0.68679,0.2209411139774212,False,False
Astro,all_donors,HYAL1,2,0.08848,0.56871,,False,True
Astro,all_donors,MANF,1,0.00502,0.19498,0.8817363432816264,False,True
Astro,all_donors,ITIH4,1,0.02696,-0.14779,0.911214556075323,False,False
Astro,all_donors,MUSTN1,2,0.27287,0.82077,,False,True
Astro,all_donors,IL17RB,2,0.07087,0.13019,0.8809137638546564,False,True
Astro,all_donors,WNT5A,6,0.05469,0.37437,0.7100112528292983,False,True
Astro,all_donors,ADAMTS9,2,0.11165,-0.48379,0.5988599625656088,False,False
Astro,all_donors,TAFA1,53,-0.36379,-1.0304,0.0817221227349393,True,True
Astro,all_donors,TAFA4,1,-0.21862,-0.24606,,False,True
Astro,all_donors,PROK2,1,0.20246,0.50187,,False,True
Astro,all_donors,EPHA3,1,-0.12684,0.71929,0.6761263044981252,False,False
Astro,all_donors,PROS1,2,-0.05086,-0.48524,0.4622955899601602,False,True
Astro,all_donors,COL8A1,1,0.18181,1.53375,0.0580315466784519,True,True
Astro,all_donors,ABI3BP,1,0.66663,0.38535,0.7951202307300347,False,True
Astro,all_donors,NXPE3,4,0.0456,0.00024,0.9999120355877152,False,True
Astro,all_donors,ZPLD1,26,0.12097,0.41143,,False,True
Astro,all_donors,ALCAM,33,-0.01463,-0.32592,0.6098197118979657,False,True
Astro,all_donors,BTLA,1,0.05374,0.73658,,False,True
Astro,all_donors,CCDC80,2,-0.04545,-0.82288,0.315784809088482,False,True
Astro,all_donors,CD200R1,2,0.25112,0.4079,0.6975842697763196,False,True
Astro,all_donors,B4GALT4,3,0.00116,0.0638,0.9429367051140972,False,True
Astro,all_donors,PLA1A,2,0.04426,0.31579,,False,True
Astro,all_donors,FSTL1,1,0.00745,-0.17385,0.7607878042913436,False,False
Astro,all_donors,MUC13,1,-0.14152,-0.50084,,False,True
Astro,all_donors,HEG1,1,0.07258,0.22981,0.7936778730089381,False,True
Astro,all_donors,COL6A6,1,-0.21968,-0.58283,0.6094267187348047,False,True
Astro,all_donors,TF,4,0.0664,-0.03105,0.9764276892575692,False,False
Astro,all_donors,PCOLCE2,1,0.03354,-1.43523,,False,False
Astro,all_donors,DIPK2A,1,0.10591,0.03902,0.9789888676906592,False,True
Astro,all_donors,CPB1,5,0.40478,-0.59268,,False,False
Astro,all_donors,CP,2,0.63278,2.20319,0.2256074226684734,False,True
Astro,all_donors,IGSF10,2,0.23976,0.27514,0.7554388905940873,False,True
Astro,all_donors,C3orf33,1,-0.12426,-0.06573,0.9203337439560983,False,True
Astro,all_donors,PTX3,1,0.21687,1.03125,,False,True
Astro,all_donors,RARRES1,2,-0.21539,-0.01215,0.9943398500814364,False,True
Astro,all_donors,IL12A,2,-0.24299,-1.59524,0.1346278217564061,False,True
Astro,all_donors,BCHE,2,0.11554,-0.13507,0.9498665902066892,False,False
Astro,all_donors,SERPINI1,1,-0.10856,-0.39005,0.5356112752697912,False,True
Astro,all_donors,TNFSF10,1,0.03161,0.98278,,False,True
Astro,all_donors,THPO,3,-0.39098,0.94872,,False,False
Astro,all_donors,CHRD,3,-0.39098,-0.02683,0.9872049846161696,False,True
Astro,all_donors,ST6GAL1,29,0.03493,0.57562,0.6683769602665486,False,True
Astro,all_donors,MASP1,2,-0.29222,-0.32613,0.5799650128412868,False,True
Astro,all_donors,SST,1,0.01895,-1.16344,0.5854348883800716,False,False
Astro,all_donors,IL1RAP,12,0.11843,0.13428,0.9491376445916708,False,True
Astro,all_donors,UTS2B,7,0.08132,0.65294,,False,True
Astro,all_donors,APOD,3,-0.20279,1.83085,0.0635662658835835,True,False
Astro,all_donors,MUC20,3,-0.21604,0.17492,0.8647994873839624,False,False
Astro,all_donors,TFRC,1,0.06048,0.09385,0.9700960032124916,False,True
Astro,all_donors,FBXO45,1,-0.09746,0.17627,0.8470851650391363,False,False
Astro,all_donors,SPON2,11,0.07183,0.50472,0.6735323409224533,False,True
Astro,all_donors,FGFR3,2,-0.02132,-0.1964,0.768734033847461,False,True
Astro,all_donors,C4orf48,1,0.04653,0.7238,0.4681394080410128,False,True
Astro,all_donors,HGFAC,3,-0.09092,-0.25984,,False,True
Astro,all_donors,CYTL1,2,-0.16168,-0.1381,,False,True
Astro,all_donors,MAN2B2,1,0.03508,0.54112,0.3535278739883264,False,True
Astro,all_donors,C1QTNF7,20,-0.04064,-0.587,0.4268315176427786,False,True
Astro,all_donors,SLIT2,2,-0.28614,-1.03181,0.1417400444392951,False,True
Astro,all_donors,SOD3,1,-0.08953,0.46565,0.7068785527008337,False,False
Astro,all_donors,LGI2,2,0.1926,-1.02686,,False,False
Astro,all_donors,SMIM20,1,-0.07255,-0.28457,0.6515316700555097,False,True
Astro,all_donors,CORIN,10,-0.25519,-0.05266,0.9745088042967568,False,True
Astro,all_donors,ERVMER34-1,1,-0.4346,-1.12297,,False,True
Astro,all_donors,KDR,2,0.162,-0.5894,,False,False
Astro,all_donors,NMU,1,-0.51819,-1.58017,,False,True
Astro,all_donors,IGFBP7,1,0.06485,0.61868,0.4374375891842221,False,True
Astro,all_donors,TMPRSS11D,1,0.22475,0.15328,0.9311590965063786,False,True
Astro,all_donors,GC,2,-0.23777,-0.64504,,False,True
Astro,all_donors,ADAMTS3,1,-0.04168,-0.25447,0.7993823828058372,False,True
Astro,all_donors,ALB,1,0.11281,-0.25918,,False,False
Astro,all_donors,CXCL5,1,0.12682,0.14316,,False,True
Astro,all_donors,CXCL3,2,0.03697,1.36869,0.4377182342740038,False,True
Astro,all_donors,CXCL2,2,0.08315,2.22434,0.020172284031629,True,True
Astro,all_donors,BTC,1,0.36614,1.17295,,False,True
Astro,all_donors,ANTXR2,1,0.12088,0.66895,0.0727965209169135,True,True
Astro,all_donors,FGF5,1,-0.3644,-1.11771,,False,True
Astro,all_donors,HPSE,2,-0.34245,0.29449,,False,False
Astro,all_donors,SPARCL1,3,-0.2462,-0.12095,0.816165849778417,False,True
Astro,all_donors,SPP1,4,0.19123,0.03519,0.9941012949119384,False,True
Astro,all_donors,PKD2,8,0.12969,0.07681,0.8715519770621217,False,True
Astro,all_donors,SNCA,1,0.6062,0.37793,0.711788485939219,False,True
Astro,all_donors,MMRN1,5,-0.19804,-0.80081,,False,True
Astro,all_donors,NPNT,1,0.08261,0.48688,0.6855773195659879,False,True
Astro,all_donors,AIMP1,1,0.05039,0.07489,0.9229318392652788,False,True
Astro,all_donors,DKK2,21,-0.21877,-0.06478,0.97494610149279,False,True
Astro,all_donors,COL25A1,30,-0.05964,0.17257,0.8990645289648665,False,False
Astro,all_donors,PLA2G12A,1,-0.06094,0.29897,0.3895822084572677,False,False
Astro,all_donors,CFI,3,0.62001,1.81234,0.3819634236034862,False,True
Astro,all_donors,ARSJ,1,-0.10153,-0.48839,0.2664767285358809,False,True
Astro,all_donors,PRSS12,1,-0.14145,-0.01477,,False,True
Astro,all_donors,NDNF,2,0.30917,0.10121,,False,True
Astro,all_donors,FGF2,1,-0.29366,-0.35223,0.6006027483322866,False,True
Astro,all_donors,ABHD18,1,0.11964,0.09595,0.8549536292077818,False,True
Astro,all_donors,PGRMC2,2,0.05636,-0.12848,0.8240499659650264,False,False
Astro,all_donors,IL15,9,0.15329,0.86509,0.28549362117688,False,True
Astro,all_donors,FREM3,1,-0.67926,-0.65902,,False,True
Astro,all_donors,HHIP,2,-0.31476,0.1881,0.8536898977040497,False,False
Astro,all_donors,PRSS48,1,0.05157,1.04764,,False,True
Astro,all_donors,SFRP2,3,0.21081,-0.02501,0.9935292740770264,False,False
Astro,all_donors,PDGFC,2,0.09109,-0.23474,0.7412813558235247,False,False
Astro,all_donors,FSTL5,1,-0.14296,-0.69115,0.5156337031339784,False,True
Astro,all_donors,CPE,1,0.17732,0.02449,0.974566580953628,False,True
Astro,all_donors,TLL1,1,0.11065,-0.02286,0.9944469451433948,False,False
Astro,all_donors,SPOCK3,24,-0.33459,-0.14718,0.9093225370558834,False,True
Astro,all_donors,HMGB2,1,-0.01313,0.33229,0.7404463507414049,False,False
Astro,all_donors,SCRG1,1,-0.00255,0.26889,0.8230673991486719,False,False
Astro,all_donors,VEGFC,1,-0.05541,-0.54057,0.6313319465415158,False,True
Astro,all_donors,SNX25,3,0.28936,0.26118,0.5744372781136358,False,True
Astro,all_donors,KLKB1,1,-0.10296,0.10221,0.9378326378081088,False,False
Astro,all_donors,EXOC3-AS1,2,-0.18124,0.17798,0.9382637485700968,False,False
Astro,all_donors,ADAMTS16,2,0.02195,-0.09416,0.9483945218201126,False,False
Astro,all_donors,NSUN2,1,0.04971,-0.29752,0.5360608173476925,False,False
Astro,all_donors,PDZD2,1,-0.10735,-0.15098,0.9300521005275912,False,True
Astro,all_donors,ADAMTS12,2,0.02722,0.52383,0.8831341672644708,False,True
Astro,all_donors,C1QTNF3,2,-0.22166,-0.1366,0.8779334769830686,False,True
Astro,all_donors,PRLR,28,0.2572,0.46101,0.8707207505642711,False,True
Astro,all_donors,IL7R,2,-0.24125,-0.04933,,False,True
Astro,all_donors,EGFLAM,25,-0.21748,-0.51171,,False,True
Astro,all_donors,LIFR,11,-0.02919,-0.10704,0.8438534831682972,False,True
Astro,all_donors,C6,2,0.56189,0.98708,,False,True
Astro,all_donors,GHR,16,0.13515,0.11564,0.9357500182313728,False,True
Astro,all_donors,SELENOP,5,0.24753,0.1296,0.905612931051024,False,True
Astro,all_donors,CCL28,3,0.68092,1.39211,,False,True
Astro,all_donors,FGF10,1,-0.20151,0.01467,,False,False
Astro,all_donors,IL6ST,5,-0.00931,-0.18416,0.7593436923729011,False,True
Astro,all_donors,ADAMTS6,2,0.09016,-0.84193,0.4268987202504926,False,False
Astro,all_donors,CARTPT,1,-0.29868,-0.26055,0.926979522435738,False,True
Astro,all_donors,CRHBP,2,0.09358,-0.93961,,False,False
Astro,all_donors,AGGF1,1,-0.10291,-0.09351,0.8395773037267439,False,True
Astro,all_donors,ZBED3,1,0.1688,-0.05019,0.9687236666859526,False,False
Astro,all_donors,THBS4,2,0.19709,0.00836,0.9939753226919472,False,True
Astro,all_donors,VCAN,2,0.09478,0.49552,0.466652268193918,False,True
Astro,all_donors,HAPLN1,5,-0.07999,-1.2726,0.3846062852256752,False,True
Astro,all_donors,EDIL3,2,-0.16401,0.14005,0.9329458566397916,False,False
Astro,all_donors,ARSK,1,0.02008,-0.02045,0.9848904178919454,False,False
Astro,all_donors,PCSK1,2,-0.25474,-0.09756,0.9714820249111336,False,True
Astro,all_donors,ERAP1,2,-0.04216,-0.15708,0.8032333788386723,False,True
Astro,all_donors,ERAP2,3,0.04492,0.24135,0.7944792209423281,False,True
Astro,all_donors,LNPEP,2,0.11019,-0.06301,0.9094079147924468,False,False
Astro,all_donors,ST8SIA4,2,0.04798,0.08247,0.9764276892575692,False,True
Astro,all_donors,PAM,2,0.23632,0.2223,0.7772022611064385,False,True
Astro,all_donors,TSLP,2,-0.30084,0.89229,,False,False
Astro,all_donors,LOX,1,0.00066,0.20184,,False,True
Astro,all_donors,FBN2,11,-0.25977,-0.83988,,False,True
Astro,all_donors,ADAMTS19,2,-0.38028,-2.97952,0.0382205732062726,True,True
Astro,all_donors,GDF9,1,-0.03333,-0.31419,0.905612931051024,False,True
Astro,all_donors,LEAP2,1,-0.45804,0.31014,,False,False
Astro,all_donors,FSTL4,1,-0.34619,-0.32594,0.8423944950280735,False,True
Astro,all_donors,CXCL14,1,-0.37676,-0.76725,0.1371887074670807,False,True
Astro,all_donors,TGFBI,7,0.00709,1.12333,,False,True
Astro,all_donors,SPOCK1,66,0.05257,-0.15001,0.8423944950280735,False,False
Astro,all_donors,MZB1,1,-0.38406,-1.11675,,False,True
Astro,all_donors,NRG2,33,-0.0039,-0.1415,0.8064556270471452,False,True
Astro,all_donors,HBEGF,1,0.0973,0.20336,0.9318582489089576,False,True
Astro,all_donors,CD14,2,-0.09318,-0.54163,0.8879121336987986,False,True
Astro,all_donors,PCDHA1,1,0.43165,0.51708,,False,True
Astro,all_donors,PCDHA6,1,0.10742,0.61993,,False,True
Astro,all_donors,PCDHA10,1,0.21237,0.16473,0.8104163010671263,False,True
Astro,all_donors,PCDH12,2,-0.36707,0.42753,,False,False
Astro,all_donors,NDFIP1,2,0.05952,0.09642,0.7944792209423281,False,True
Astro,all_donors,FGF1,19,-0.07016,0.18951,0.7444697629542228,False,False
Astro,all_donors,SPINK9,2,0.05899,-0.76093,0.5636436435516762,False,False
Astro,all_donors,PCYOX1L,2,-0.01768,0.09492,0.9554927809755464,False,False
Astro,all_donors,ARSI,13,-0.02523,0.61343,,False,False
Astro,all_donors,CD74,3,0.20731,1.86093,0.2253057744894146,False,True
Astro,all_donors,GPX3,2,0.12316,1.7736,0.2302981969089375,False,True
Astro,all_donors,SPARC,2,0.25248,0.79365,0.4721249043868883,False,True
Astro,all_donors,TIMD4,5,-0.09138,-0.47838,,False,True
Astro,all_donors,C1QTNF2,1,0.15841,-0.25818,,False,False
Astro,all_donors,SLIT3,92,-0.16127,-0.79553,0.3235749215249786,False,True
Astro,all_donors,STC2,3,0.29675,1.33436,,False,True
Astro,all_donors,FGFR4,2,0.30344,0.31811,,False,True
Astro,all_donors,ADAMTS2,1,-0.29938,-0.38376,,False,True
Astro,all_donors,SERPINB1,1,0.01939,0.13545,0.9518398196395412,False,True
Astro,all_donors,F13A1,1,-0.54966,0.38595,0.869716989628429,False,False
Astro,all_donors,LY86,2,-0.59908,-0.24322,0.9338485043021648,False,True
Astro,all_donors,BMP6,2,-0.24724,0.98312,0.6046598241863457,False,False
Astro,all_donors,EDN1,3,-0.00826,-0.26376,,False,True
Astro,all_donors,GFOD1,24,-0.02701,-0.18138,0.8312363252192182,False,True
Astro,all_donors,KIAA0319,18,-0.00182,-0.09547,0.9368362079168324,False,True
Astro,all_donors,SCGN,1,0.07391,1.45256,,False,True
Astro,all_donors,GABBR1,2,0.24926,-0.25015,0.6608827684861109,False,False
Astro,all_donors,HLA-E,2,-0.07723,0.89394,0.4247870335749694,False,False
Astro,all_donors,DDR1,4,0.12585,0.48783,0.4003039564527837,False,True
Astro,all_donors,HCG22,1,0.10288,-0.15704,0.958871958255389,False,False
Astro,all_donors,BAG6,1,-0.00115,0.07759,0.9455442391287376,False,False
Astro,all_donors,APOM,1,-0.00115,0.48348,,False,False
Astro,all_donors,LY6G5C,1,0.02912,1.11332,,False,True
Astro,all_donors,HSPA1A,1,0.0387,0.86309,0.479930867039211,False,True
Astro,all_donors,C2,8,0.04343,0.18547,0.8848514546589075,False,True
Astro,all_donors,C4A,1,0.33999,0.86368,,False,True
Astro,all_donors,C4B,1,0.89781,0.52183,,False,True
Astro,all_donors,TNXB,11,0.05881,0.30974,0.7693870171843106,False,True
Astro,all_donors,EGFL8,1,0.2048,0.16684,0.903310778867776,False,True
Astro,all_donors,COL11A2,3,0.01905,0.69055,,False,True
Astro,all_donors,CUTA,2,0.02476,0.45374,0.7401304987628959,False,True
Astro,all_donors,SCUBE3,1,-0.34863,-0.09341,0.9604162468197966,False,True
Astro,all_donors,PI16,5,0.39317,0.96601,0.5291120793716095,False,True
Astro,all_donors,TREM2,3,-0.14703,2.25176,,False,False
Astro,all_donors,PTK7,1,-0.08879,-0.0124,0.9919103414972535,False,True
Astro,all_donors,VEGFA,1,0.14796,-0.21375,0.9153606796037432,False,False
Astro,all_donors,HSP90AB1,1,0.01723,0.06609,0.97047904961412,False,True
Astro,all_donors,ENPP5,2,-0.002,0.63618,0.4319586701182075,False,False
Astro,all_donors,PLA2G7,2,-0.22642,-1.31547,,False,True
Astro,all_donors,COL21A1,15,0.50125,1.90974,0.0052557361621232,True,True
Astro,all_donors,EYS,16,-0.06835,0.43704,0.5651220126959668,False,False
Astro,all_donors,COL19A1,3,-0.21073,-0.33192,0.8280172953711459,False,True
Astro,all_donors,COL9A1,5,-0.25958,-0.40481,0.7554388905940873,False,True
Astro,all_donors,COL12A1,5,0.09175,1.45394,0.0137724221750435,True,True
Astro,all_donors,PRSS35,1,0.1127,-0.3768,0.7090659449288127,False,False
Astro,all_donors,CD164,2,-0.00271,0.19377,0.7614922678377276,False,False
Astro,all_donors,METTL24,1,-0.01642,0.105,0.9208008260754906,False,False
Astro,all_donors,LAMA4,2,0.15837,0.69672,0.3867333109327999,False,True
Astro,all_donors,SMPDL3A,1,0.07322,-0.45006,0.5917798101043095,False,False
Astro,all_donors,RSPO3,1,-0.32939,0.398,0.7946817973672803,False,False
Astro,all_donors,LAMA2,1,0.15624,0.6429,0.7872643998390298,False,True
Astro,all_donors,ENPP3,2,0.05469,-0.95898,0.1710659311627226,False,False
Astro,all_donors,ENPP1,1,0.21336,0.2198,0.884193022771775,False,True
Astro,all_donors,CCN2,1,-0.00683,2.30648,0.0131726309425971,True,False
Astro,all_donors,FUCA2,1,0.21984,0.03863,0.9731099447111552,False,True
Astro,all_donors,RAET1E,3,0.11522,0.61547,,False,True
Astro,all_donors,ULBP2,2,-0.03838,0.63592,,False,False
Astro,all_donors,VIP,2,-0.45477,-1.67162,,False,True
Astro,all_donors,FNDC1,1,-0.14399,-0.73093,0.6833780275927444,False,True
Astro,all_donors,LPA,2,0.39997,0.03779,,False,True
Astro,all_donors,RNASET2,1,0.1916,0.23882,0.7944792209423281,False,True
Astro,all_donors,SMOC2,35,-0.2074,0.75843,,False,False
Astro,all_donors,THBS2,2,-0.00341,0.43947,0.6870038610131505,False,False
Astro,all_donors,C6orf120,2,0.01796,-0.05948,0.9656112020841195,False,False
Astro,all_donors,FAM20C,1,0.0253,0.23102,0.9151694822615704,False,True
Astro,all_donors,PDGFA,2,0.03001,0.27791,0.7872643998390298,False,True
Astro,all_donors,NXPH1,48,0.0133,0.33103,0.8673117086961041,False,True
Astro,all_donors,THSD7A,1,0.10336,-0.04586,0.9604162468197966,False,False
Astro,all_donors,VWDE,1,-0.02689,-0.52894,,False,True
Astro,all_donors,SOSTDC1,14,-0.0061,0.64376,,False,False
Astro,all_donors,CCDC126,1,-0.00748,-0.04579,0.945968829396067,False,True
Astro,all_donors,NPY,3,-0.24929,-0.67975,0.7951202307300347,False,True
Astro,all_donors,HNRNPA2B1,1,0.22196,0.13773,0.7180577273969804,False,True
Astro,all_donors,BMPER,1,0.05142,-0.34529,0.7499830234082188,False,False
Astro,all_donors,AOAH,2,-0.13557,0.39097,0.8218970111246454,False,False
Astro,all_donors,EPDR1,27,-0.00813,0.27223,0.5334867796502127,False,False
Astro,all_donors,SFRP4,1,0.18257,0.55299,0.4268315176427786,False,True
Astro,all_donors,INHBA,3,0.02726,0.50141,,False,True
Astro,all_donors,AEBP1,6,0.28911,1.27213,0.2470226483797035,False,True
Astro,all_donors,PPIA,1,0.05502,0.10765,0.9454549779705584,False,True
Astro,all_donors,IGFBP3,3,-0.15543,0.88747,,False,False
Astro,all_donors,VWC2,1,-0.11212,-0.42953,0.7755770008762154,False,True
Astro,all_donors,ZPBP,1,-0.09149,0.38951,,False,False
Astro,all_donors,VSTM2A,2,-0.18534,-0.59984,,False,True
Astro,all_donors,EGFR,44,0.10996,-0.1799,0.7576576339696994,False,False
Astro,all_donors,STX1A,4,-0.01332,-0.03502,0.9883426883755206,False,True
Astro,all_donors,ELN,1,-0.01526,0.31708,0.7993823828058372,False,False
Astro,all_donors,SSC4D,2,-0.32181,1.12208,,False,False
Astro,all_donors,ZP3,10,-0.11409,0.16227,,False,False
Astro,all_donors,FGL2,2,-0.00226,0.71317,0.6917606222134953,False,False
Astro,all_donors,SEMA3C,2,0.43451,0.3128,0.7822125438984271,False,True
Astro,all_donors,HGF,1,0.17793,-0.23528,0.9203337439560983,False,False
Astro,all_donors,SEMA3E,1,-0.14482,0.06902,0.97494610149279,False,False
Astro,all_donors,SEMA3A,2,0.24789,-0.22099,0.8066262281091607,False,False
Astro,all_donors,SEMA3D,7,0.55489,1.80478,0.0131726309425971,True,True
Astro,all_donors,TFPI2,1,-0.30453,1.25371,,False,False
Astro,all_donors,COL1A2,1,-0.10681,1.32248,0.2651149919743504,False,False
Astro,all_donors,PON1,1,-0.11358,-0.27038,0.7918536705915252,False,True
Astro,all_donors,PON3,1,-0.25266,-0.48536,0.4100552109518207,False,True
Astro,all_donors,PON2,1,0.05021,-0.08804,0.791473858289958,False,False
Astro,all_donors,TAC1,2,-0.56686,-0.57506,0.7925171378851372,False,True
Astro,all_donors,NPTX2,1,-0.16546,0.73574,0.6763307400943175,False,False
Astro,all_donors,AZGP1,1,0.38303,2.24889,,False,True
Astro,all_donors,CNPY4,1,0.0098,0.60871,0.5036816205168633,False,True
Astro,all_donors,GPC2,2,0.23851,0.51272,,False,True
Astro,all_donors,PILRA,2,-0.59574,0.3632,0.6603693126268912,False,False
Astro,all_donors,PCOLCE,1,-0.14375,0.68279,0.5814476808209116,False,False
Astro,all_donors,ACHE,1,0.00186,0.54925,,False,True
Astro,all_donors,SERPINE1,1,-0.13118,1.88503,0.645419510098373,False,False
Astro,all_donors,VGF,3,-0.08894,-0.41194,0.8724921838620232,False,True
Astro,all_donors,PLOD3,1,0.01554,0.6777,0.473141055408852,False,True
Astro,all_donors,COL26A1,1,0.04047,-1.27546,0.0634166970695345,True,False
Astro,all_donors,LRRC17,2,0.19325,-0.05584,0.958871958255389,False,False
Astro,all_donors,RELN,1,-0.20383,0.34058,0.816165849778417,False,False
Astro,all_donors,NAMPT,1,0.00317,0.87721,0.5343481719978711,False,True
Astro,all_donors,LAMB1,1,-0.48869,-0.05338,0.980224463165366,False,True
Astro,all_donors,NRCAM,51,0.08858,-0.04863,0.9454186372311978,False,False
Astro,all_donors,MDFIC,1,-0.0224,0.10551,0.9152190221813188,False,False
Astro,all_donors,MET,9,0.1809,-0.61446,0.6518755078434995,False,False
Astro,all_donors,WNT2,1,-0.16822,-0.7003,,False,True
Astro,all_donors,WNT16,1,0.24159,2.50139,,False,True
Astro,all_donors,FAM3C,2,0.19189,-0.15326,0.816165849778417,False,False
Astro,all_donors,PTPRZ1,1,-0.02234,-0.32071,0.2764713134776292,False,True
Astro,all_donors,HILPDA,2,0.09396,0.74842,0.7664033486564636,False,True
Astro,all_donors,CALU,1,-0.21452,-0.42532,0.1346278217564061,False,True
Astro,all_donors,KCP,2,-0.34556,0.08506,,False,False
Astro,all_donors,FAM180A,1,-0.24263,0.94427,,False,False
Astro,all_donors,PTN,1,-0.18679,-0.57467,0.2669428123965809,False,True
Astro,all_donors,EPHB6,1,0.33027,0.5259,0.7224735267656369,False,True
Astro,all_donors,RARRES2,1,-0.02405,0.97216,0.4782350624393532,False,False
Astro,all_donors,AOC1,5,0.21032,0.25032,,False,True
Astro,all_donors,ANGPT2,1,-0.14846,0.07308,0.9376919534599868,False,False
Astro,all_donors,PRSS51,5,-0.28875,-0.12588,0.9200436935966582,False,True
Astro,all_donors,CTSB,1,-0.04812,0.35763,0.6725553173186888,False,False
Astro,all_donors,FGF20,1,-0.17293,1.78893,,False,False
Astro,all_donors,PDGFRL,2,0.13559,-0.33804,0.8610905638751792,False,False
Astro,all_donors,FGL1,7,-0.27415,0.31216,0.7724283975305838,False,False
Astro,all_donors,ASAH1,2,0.1067,0.22635,0.6694967900480023,False,True
Astro,all_donors,LPL,1,-0.5168,0.36199,0.8281257084768338,False,False
Astro,all_donors,LGI3,2,0.07319,-0.12315,,False,False
Astro,all_donors,BMP1,1,0.04344,0.07228,0.9580456744843012,False,True
Astro,all_donors,PEBP4,1,-0.08609,-0.24367,0.8052307329503304,False,True
Astro,all_donors,LOXL2,1,0.06227,0.58102,0.7213650366698224,False,True
Astro,all_donors,ADAM28,2,-0.09855,0.2489,0.9203337439560983,False,False
Astro,all_donors,CLU,2,0.01474,0.29942,0.7614922678377276,False,True
Astro,all_donors,PNOC,7,-0.13035,-0.83764,,False,True
Astro,all_donors,NRG1,89,0.0347,-1.18427,0.1873895670618255,False,False
Astro,all_donors,HTRA4,2,0.05218,0.16553,,False,True
Astro,all_donors,ADAM9,1,0.12845,-0.13638,0.8598214813951771,False,False
Astro,all_donors,SFRP1,1,-0.69939,-0.30116,,False,True
Astro,all_donors,PLAT,3,0.11464,-0.29202,,False,False
Astro,all_donors,PXDNL,2,-0.22608,-0.08793,0.9328011612611988,False,True
Astro,all_donors,SDCBP,2,0.11089,0.01512,0.9896588118329523,False,True
Astro,all_donors,GGH,1,-0.0311,0.21594,0.7822125438984271,False,False
Astro,all_donors,CRH,2,-0.17917,-0.02191,,False,True
Astro,all_donors,CPA6,3,-0.17089,0.36825,0.8656188164101304,False,False
Astro,all_donors,SULF1,6,0.02461,-0.80959,0.7836560227973922,False,False
Astro,all_donors,SBSPON,1,0.14118,0.87857,,False,True
Astro,all_donors,LY96,1,-0.14104,0.42826,,False,False
Astro,all_donors,PI15,1,0.73721,-0.7507,0.3839440773278011,False,False
Astro,all_donors,CRISPLD1,2,0.05829,-0.66248,0.7890557640848842,False,False
Astro,all_donors,IL7,2,0.21683,0.33256,0.5476388008919193,False,True
Astro,all_donors,FABP5,1,-0.21909,0.45315,0.7048406003158117,False,False
Astro,all_donors,MMP16,1,-0.11109,-0.30102,0.6631823338727302,False,True
Astro,all_donors,CPQ,1,0.08059,0.07136,0.932221071178894,False,True
Astro,all_donors,MATN2,6,0.21652,0.73371,0.5940604181014665,False,True
Astro,all_donors,CTHRC1,2,-0.29744,-0.29932,0.8965825701975267,False,True
Astro,all_donors,RSPO2,2,0.15607,0.47582,0.8707207505642711,False,True
Astro,all_donors,TNFRSF11B,1,0.18721,0.41634,0.8209984285697908,False,True
Astro,all_donors,CCN3,1,0.24669,-0.08381,0.9806877118762806,False,False
Astro,all_donors,ENPP2,21,0.01042,0.24576,0.8337608284757023,False,True
Astro,all_donors,COL14A1,14,0.03006,0.29547,,False,True
Astro,all_donors,TG,31,-0.07672,-0.99457,0.3322253789990799,False,True
Astro,all_donors,CCN4,1,0.11183,-0.48386,0.7048406003158117,False,False
Astro,all_donors,ST3GAL1,1,-0.0081,-0.4251,0.2902000209917524,False,True
Astro,all_donors,COL22A1,8,0.06587,-0.46565,,False,False
Astro,all_donors,ADGRB1,9,-0.4317,-0.69048,0.5541775911731015,False,True
Astro,all_donors,LY6K,1,0.20568,-0.06266,,False,False
Astro,all_donors,THEM6,1,-0.02236,0.48159,0.6514601718557442,False,False
Astro,all_donors,GSDMD,2,-0.01042,0.28245,0.8135246068004522,False,False
Astro,all_donors,INSL6,1,-0.58535,0.21435,,False,False
Astro,all_donors,CD274,2,0.30363,0.47778,,False,True
Astro,all_donors,PDCD1LG2,4,-0.06751,0.22945,0.84150639421236,False,False
Astro,all_donors,IL33,9,0.04521,-0.25509,0.7471013261389232,False,False
Astro,all_donors,FREM1,16,-0.11743,0.16561,0.8756910444527978,False,False
Astro,all_donors,ADAMTSL1,46,0.16745,-0.13563,0.9255855307782568,False,False
Astro,all_donors,TEK,1,-0.06296,0.45471,,False,False
Astro,all_donors,C9orf72,1,0.31127,0.75657,0.2570987410005799,False,True
Astro,all_donors,B4GALT1,1,-0.06914,-0.12565,0.931695511590854,False,True
Astro,all_donors,PRSS3,12,-0.35961,0.13065,0.95636827092114,False,False
Astro,all_donors,ENHO,1,0.05868,-0.13085,0.9057702620450933,False,False
Astro,all_donors,IL11RA,2,-0.16101,-0.16572,0.8656188164101304,False,True
Astro,all_donors,CCL27,1,-0.14337,-0.01261,,False,True
Astro,all_donors,IGFBPL1,1,-0.12964,-1.5293,,False,True
Astro,all_donors,MAMDC2,1,-0.02132,0.52108,0.5959614056764523,False,False
Astro,all_donors,ANXA1,5,0.65424,2.57404,0.0131726309425971,True,True
Astro,all_donors,PCSK5,1,0.12357,-0.2219,0.6735323409224533,False,False
Astro,all_donors,CTSL,1,0.09196,0.19948,0.8631070012112839,False,True
Astro,all_donors,OGN,1,0.34453,0.98814,0.4536076467237202,False,True
Astro,all_donors,ASPN,2,-0.01984,0.97691,0.363842575419975,False,False
Astro,all_donors,ECM2,4,0.39434,1.77867,0.0127837065594358,True,True
Astro,all_donors,NINJ1,3,0.13008,0.69738,0.4831607423374497,False,True
Astro,all_donors,COL15A1,1,-0.58691,0.34525,0.8879121336987986,False,False
Astro,all_donors,TXN,1,0.06157,0.41024,0.5735965197217278,False,True
Astro,all_donors,SVEP1,1,-0.2454,0.73641,0.3609839965501878,False,False
Astro,all_donors,COL27A1,2,-0.14446,0.22975,0.8203548474611696,False,False
Astro,all_donors,TNC,6,0.40959,1.35422,0.0052557361621232,True,True
Astro,all_donors,PAPPA,2,0.30073,0.3395,0.6503157854896995,False,True
Astro,all_donors,GSN,31,0.20943,0.46142,0.4374375891842221,False,True
Astro,all_donors,CRB2,5,0.12697,0.93531,0.0403754466290533,True,True
Astro,all_donors,OLFML2A,9,0.12058,0.66367,,False,True
Astro,all_donors,ANGPTL2,1,0.10114,-0.06035,0.9742618680959944,False,False
Astro,all_donors,TOR2A,1,0.18627,0.10297,,False,True
Astro,all_donors,HMCN2,9,-0.64106,-2.63012,4.536097525119569e-05,True,True
Astro,all_donors,LAMC3,1,-0.02933,-0.12572,0.9745088042967568,False,True
Astro,all_donors,CEL,3,0.16431,0.27549,,False,True
Astro,all_donors,ABO,4,0.01079,0.34775,,False,True
Astro,all_donors,ADAMTS13,5,-0.36025,0.15933,0.8662091432581804,False,False
Astro,all_donors,ADAMTSL2,2,-0.31226,-0.43293,0.7872643998390298,False,True
Astro,all_donors,COL5A1,1,0.12038,1.06166,0.4408006270386927,False,True
Astro,all_donors,OLFM1,4,-0.40919,-0.44322,0.6724174996676907,False,True
Astro,all_donors,QSOX2,2,-0.11022,-0.48102,0.3224844638739527,False,True
Astro,all_donors,EGFL7,2,-0.16194,0.42044,,False,False
Astro,all_donors,C8G,1,-0.10209,0.98838,,False,False
Astro,all_donors,LCN12,2,0.06657,-0.10734,0.9390225690342234,False,False
Astro,all_donors,PTGDS,2,0.24365,0.58238,0.4374375891842221,False,True
Astro,all_donors,DPP7,2,0.15326,0.50143,0.6082520897916895,False,True
Astro,all_donors,IL15RA,1,0.04354,0.60657,,False,True
Astro,all_donors,ITIH5,9,0.18213,0.92878,0.4369767930566132,False,True
Astro,all_donors,CELF2-AS1,2,-0.00863,-0.66351,,False,True
Astro,all_donors,CCDC3,19,0.11381,0.56776,0.1109411673595155,False,True
Astro,all_donors,CDNF,2,0.17127,0.26453,0.7918536705915252,False,True
Astro,all_donors,C1QL3,1,-0.21343,0.2889,0.9044420976053924,False,False
Astro,all_donors,NRP1,1,-0.28732,-0.62769,0.4945808113541375,False,True
Astro,all_donors,CXCL12,2,-0.06102,0.46994,0.6761263044981252,False,False
Astro,all_donors,GDF10,2,-0.40373,0.34734,0.7462716469324856,False,False
Astro,all_donors,VSTM4,2,0.00179,0.08551,0.9328964017331444,False,True
Astro,all_donors,ASAH2,2,-0.20731,0.3754,,False,False
Astro,all_donors,DKK1,1,0.35382,-0.49502,,False,False
Astro,all_donors,PCDH15,3,-0.04297,-0.16009,0.8951195403946913,False,True
Astro,all_donors,SRGN,3,0.02188,1.14321,0.6473657477159148,False,True
Astro,all_donors,NODAL,1,-0.06038,-0.20647,,False,True
Astro,all_donors,ADAMTS14,3,-0.20518,0.27818,,False,False
Astro,all_donors,PSAP,2,0.2294,0.2276,0.7664033486564636,False,True
Astro,all_donors,SPOCK2,2,0.05209,0.01728,0.9845826410094785,False,True
Astro,all_donors,PLAU,1,-0.33204,0.43144,,False,False
Astro,all_donors,SFTPD,1,0.35547,0.97389,0.212797659779277,False,True
Astro,all_donors,PLAC9,3,-0.30857,-0.03844,0.9826644668380048,False,True
Astro,all_donors,PRXL2A,6,-0.0146,-0.34124,0.4075065644513305,False,True
Astro,all_donors,NRG3,169,0.10354,-0.12561,0.8000380495442307,False,False
Astro,all_donors,MMRN2,2,0.20476,-0.15989,0.9328964017331444,False,False
Astro,all_donors,MINPP1,2,-0.09366,0.01049,0.9943398500814364,False,False
Astro,all_donors,PTEN,1,0.00243,-0.21155,0.5917798101043095,False,False
Astro,all_donors,RNLS,1,0.25004,0.36584,0.3809928515218687,False,True
Astro,all_donors,FAS,1,-0.00025,0.2237,0.9012572146942724,False,False
Astro,all_donors,FGFBP3,1,-0.01324,0.09668,,False,False
Astro,all_donors,IDE,10,0.24549,-0.02076,0.9834056678887528,False,False
Astro,all_donors,RBP4,2,-0.54773,0.47288,,False,False
Astro,all_donors,LGI1,2,0.26197,0.08879,0.9200436935966582,False,True
Astro,all_donors,TLL2,1,-0.08936,0.92624,,False,False
Astro,all_donors,SLIT1,2,-0.4649,-0.75398,0.1686629216157724,False,True
Astro,all_donors,CRTAC1,3,-0.11457,0.53173,,False,False
Astro,all_donors,LOXL4,2,-0.04991,-0.5597,0.6698071037527966,False,True
Astro,all_donors,HPSE2,35,0.24762,0.33624,0.8610905638751792,False,True
Astro,all_donors,WNT8B,1,-0.09448,-0.99491,,False,True
Astro,all_donors,KAZALD1,2,0.06383,-0.81982,,False,False
Astro,all_donors,CASP7,7,-0.05286,-0.4927,0.5484972162250397,False,True
Astro,all_donors,FGFR2,18,0.0836,-0.39062,0.4377182342740038,False,False
Astro,all_donors,HTRA1,3,0.05358,-0.56223,0.1476522739080764,False,False
Astro,all_donors,FAM24B,1,0.20897,-0.44216,0.6670094911514924,False,False
Astro,all_donors,CPXM2,2,0.16803,0.45585,0.8391109959179814,False,True
Astro,all_donors,MMP21,2,0.20156,0.19698,0.8990645289648665,False,True
Astro,all_donors,ADAM12,2,0.09671,0.28468,0.8632433918018133,False,True
Astro,all_donors,DEAF1,2,0.07294,0.31858,0.6112102489288257,False,True
Astro,all_donors,GATD1,1,-0.00537,0.36006,0.6515316700555097,False,False
Astro,all_donors,CHID1,3,0.08156,0.23385,0.8135246068004522,False,True
Astro,all_donors,CTSD,1,0.0922,0.94543,0.1420558355685256,False,True
Astro,all_donors,MMP26,3,-0.32191,-0.55467,,False,True
Astro,all_donors,SMPD1,1,0.07045,-0.32285,0.7704375483366472,False,False
Astro,all_donors,HPX,2,-0.3842,-0.46096,,False,True
Astro,all_donors,OLFML1,3,0.106,-0.46589,0.7805819106635913,False,False
Astro,all_donors,TUB,22,0.07185,-0.07379,0.922806533182124,False,False
Astro,all_donors,SCUBE2,1,-0.08168,-0.00111,0.9998561851907812,False,True
Astro,all_donors,ADM,5,0.3246,1.78266,0.170144465799324,False,True
Astro,all_donors,MTRNR2L8,1,0.21367,-0.42274,0.8877822752752048,False,False
Astro,all_donors,DKK3,2,-0.08085,0.27898,0.5051498480615478,False,False
Astro,all_donors,SPON1,1,-0.05412,-0.13774,0.8776582804681817,False,True
Astro,all_donors,CALCB,6,-0.10058,-0.24287,0.8402623108035454,False,True
Astro,all_donors,NUCB2,1,0.15417,0.13641,0.7178267039606125,False,True
Astro,all_donors,OTOG,1,-0.14842,-0.85225,0.2734371431464069,False,True
Astro,all_donors,SAA2,1,0.21038,0.14066,,False,True
Astro,all_donors,NELL1,2,-0.23978,-0.91624,0.2434141568344225,False,True
Astro,all_donors,LUZP2,27,-0.12299,-0.392,0.8403581810069921,False,True
Astro,all_donors,FIBIN,3,-0.00892,0.12184,0.9207452404777275,False,False
Astro,all_donors,BDNF,15,-0.03452,0.46469,0.7793517059880665,False,False
Astro,all_donors,CD59,5,0.11424,0.27089,0.6641114877086711,False,True
Astro,all_donors,CD44,13,0.23648,0.97764,0.6582598714431982,False,True
Astro,all_donors,PAMR1,12,-0.06328,-0.26409,0.6247943645672922,False,True
Astro,all_donors,FJX1,2,-0.02298,-0.33009,0.7091270820503325,False,True
Astro,all_donors,EXT2,2,0.049,-0.06402,0.907218832548124,False,False
Astro,all_donors,MDK,1,-0.22647,0.4633,0.8393310457441086,False,False
Astro,all_donors,C1QTNF4,3,-0.46169,-0.34955,0.8272424734443267,False,True
Astro,all_donors,PTPRJ,1,-0.06513,-0.24514,0.8100103266630349,False,True
Astro,all_donors,SERPING1,1,-0.35555,-0.03017,0.9919103414972535,False,True
Astro,all_donors,MS4A13,1,0.02115,-0.40116,,False,False
Astro,all_donors,CD6,2,-0.41771,0.9903,,False,False
Astro,all_donors,VWCE,6,0.17302,0.7509,0.4875237433053936,False,True
Astro,all_donors,SCGB1D2,1,0.79447,2.01461,,False,True
Astro,all_donors,FLRT1,2,0.47364,-0.22507,0.9044420976053924,False,False
Astro,all_donors,VEGFB,2,-0.07843,0.25627,0.7929569051456616,False,False
Astro,all_donors,LTBP3,4,0.08655,0.21595,0.7066847180386444,False,True
Astro,all_donors,EFEMP2,1,-0.19501,0.25895,0.7042431709010908,False,False
Astro,all_donors,CLCF1,1,0.48588,0.62161,,False,True
Astro,all_donors,DEFB131B,1,-0.10087,0.76911,,False,False
Astro,all_donors,IL18BP,2,-0.32385,-0.06784,,False,True
Astro,all_donors,FOLR2,2,0.44442,0.0034,,False,True
Astro,all_donors,CHRDL2,1,-0.08059,-0.95761,,False,True
Astro,all_donors,TSKU,3,-0.37595,0.49692,,False,False
Astro,all_donors,PRSS23,1,0.28813,-0.00068,0.9999120355877152,False,False
Astro,all_donors,ENDOD1,1,0.21879,0.56687,0.2576761410172399,False,True
Astro,all_donors,ANGPTL5,1,0.05533,0.70446,,False,True
Astro,all_donors,PDGFD,1,-0.10267,-0.64897,0.6608827684861109,False,True
Astro,all_donors,CASP4,3,-0.14904,-0.49674,0.8359183281395856,False,True
Astro,all_donors,CRYAB,5,0.29818,0.78268,0.2651149919743504,False,True
Astro,all_donors,IL18,1,-0.07271,0.42878,0.8505779712302439,False,False
Astro,all_donors,NCAM1,1,-0.06899,-0.00507,0.9951631473301742,False,True
Astro,all_donors,TMEM25,1,0.2159,-0.09683,0.9324671920097058,False,False
Astro,all_donors,NECTIN1,2,-0.11986,-0.82416,0.5569204394358419,False,True
Astro,all_donors,OAF,1,0.03837,-0.50766,0.5781223795077631,False,False
Astro,all_donors,TECTA,3,0.18209,-0.33284,0.5988599625656088,False,False
Astro,all_donors,SORL1,45,0.1613,-0.07994,0.8819887630527389,False,False
Astro,all_donors,ST3GAL4,15,-0.01185,0.04026,0.9714820249111336,False,False
Astro,all_donors,KIRREL3,1,-0.38171,-0.34462,0.7245569704784902,False,True
Astro,all_donors,ADAMTS8,2,-0.43254,-0.38581,,False,True
Astro,all_donors,ADAMTS15,2,0.05225,0.09209,,False,True
Astro,all_donors,JAM3,1,0.10794,0.25745,0.6134309169082902,False,True
Astro,all_donors,GLB1L2,1,0.05031,0.03383,,False,True
Astro,all_donors,B3GAT1,9,-0.07541,-0.16913,0.8403450838568401,False,True
Astro,all_donors,WNT5B,17,-0.19271,-1.55349,0.0004060773975079,True,True
Astro,all_donors,TULP3,1,-0.01178,0.11964,0.874588130311451,False,False
Astro,all_donors,NTF3,21,-0.23517,-0.02935,,False,True
Astro,all_donors,VWF,2,-0.02049,0.40845,0.8104163010671263,False,False
Astro,all_donors,CD9,11,0.37536,0.42142,0.6696873755243282,False,True
Astro,all_donors,TNFRSF1A,2,-0.09396,0.26865,0.8230673991486719,False,False
Astro,all_donors,ACRBP,1,-0.05967,0.97019,,False,False
Astro,all_donors,C1S,15,0.07908,0.77595,0.1867273743484576,False,True
Astro,all_donors,C1R,2,-0.2927,1.09279,0.5305517423026176,False,False
Astro,all_donors,C1RL,1,0.11741,0.52578,0.7693870171843106,False,True
Astro,all_donors,CD163L1,1,0.19023,0.71173,,False,True
Astro,all_donors,CD163,1,0.05835,2.37455,0.6028169811024342,False,True
Astro,all_donors,MFAP5,2,0.08483,0.28635,,False,True
Astro,all_donors,A2ML1,6,0.07102,0.0003,0.999916208622401,False,True
Astro,all_donors,A2M,3,-0.35978,0.47082,0.6868071959507455,False,False
Astro,all_donors,OLR1,3,-0.47218,0.58247,0.8042186388303448,False,False
Astro,all_donors,PRR4,1,-0.21192,-0.23107,,False,True
Astro,all_donors,PRH2,1,0.2767,0.25633,,False,True
Astro,all_donors,PRB1,2,0.11726,0.84055,,False,True
Astro,all_donors,PRB2,1,0.08957,-1.41326,,False,False
Astro,all_donors,ART4,2,0.17789,-0.3822,,False,False
Astro,all_donors,MGP,4,-0.05229,2.54724,0.1146094667441185,False,False
Astro,all_donors,SPX,2,0.09707,0.44567,0.6046598241863457,False,True
Astro,all_donors,PTHLH,1,0.06039,-0.02634,,False,False
Astro,all_donors,OVCH1,1,0.13054,0.79772,0.3524233093510494,False,True
Astro,all_donors,ADAMTS20,2,-0.20418,-0.9062,,False,True
Astro,all_donors,NELL2,3,0.08253,-0.39404,0.7281967371179762,False,False
Astro,all_donors,ENDOU,2,-0.19781,-0.5738,0.6095356594981663,False,True
Astro,all_donors,WNT10B,2,0.01244,0.46817,,False,True
Astro,all_donors,IGFBP6,1,-0.08545,2.52904,,False,False
Astro,all_donors,NPFF,1,-0.00057,-0.15332,0.9427111679179744,False,True
Astro,all_donors,CD63,1,0.0765,0.43529,0.6868071959507455,False,True
Astro,all_donors,GDF11,2,-0.00663,-0.05888,0.9587688417484072,False,True
Astro,all_donors,MMP19,1,-0.23863,0.80599,,False,False
Astro,all_donors,PMEL,1,-0.23406,-0.19043,,False,True
Astro,all_donors,ERBB3,3,-0.39554,0.29518,0.8164579582372726,False,False
Astro,all_donors,IL23A,2,0.34988,-0.05049,,False,False
Astro,all_donors,TAC3,6,-0.03204,-0.50543,,False,True
Astro,all_donors,NXPH4,1,-0.07294,-0.67658,,False,True
Astro,all_donors,WIF1,1,-0.26524,-0.42892,0.8536898977040497,False,True
Astro,all_donors,LYZ,1,0.25077,0.50098,,False,True
Astro,all_donors,PTPRR,20,-0.15047,-1.1717,0.1417400444392951,False,True
Astro,all_donors,GLIPR1L1,5,-0.04187,-0.07684,0.9319240475875666,False,True
Astro,all_donors,OTOGL,15,0.12901,-0.7071,0.3889430607806082,False,False
Astro,all_donors,NTS,2,0.18478,0.81665,,False,True
Astro,all_donors,KITLG,1,0.39698,0.83364,0.0676404016742768,True,True
Astro,all_donors,LUM,1,0.28567,1.42314,,False,True
Astro,all_donors,DCN,2,-0.23189,0.67081,0.7087982765663253,False,False
Astro,all_donors,NTN4,1,-0.35124,-0.46328,0.7782409879027792,False,True
Astro,all_donors,IGF1,2,-0.14854,-0.27355,,False,True
Astro,all_donors,TMEM119,3,-0.1184,0.37166,,False,False
Astro,all_donors,DAO,4,-0.02654,1.26849,,False,False
Astro,all_donors,TCTN1,1,0.13904,0.2606,0.3948501654088451,False,True
Astro,all_donors,OAS1,1,-0.31767,0.30627,,False,False
Astro,all_donors,GLT1D1,3,-0.99892,-0.03179,0.9897096065827178,False,True
Astro,all_donors,MMP17,5,0.07846,-0.31593,0.8183592192480176,False,False
Astro,all_donors,IL17D,1,0.17158,0.18066,0.8141793497876636,False,True
Astro,all_donors,FGF9,1,-0.22364,-1.32643,0.4603714438240926,False,True
Astro,all_donors,FLT1,35,-0.29568,0.08104,0.97494610149279,False,False
Astro,all_donors,HMGB1,21,0.10703,0.14613,0.6526865431525739,False,True
Astro,all_donors,KL,2,-0.21915,-0.51321,,False,True
Astro,all_donors,NHLRC3,1,0.05728,0.1822,0.747012542612692,False,True
Astro,all_donors,ENOX1,2,0.02285,-0.5007,0.4598564056647223,False,False
Astro,all_donors,ITM2B,3,0.06394,0.05559,0.958871958255389,False,True
Astro,all_donors,SERPINE3,3,-0.13947,-0.04415,,False,True
Astro,all_donors,THSD1,4,0.07176,-0.2303,0.8152896132352494,False,False
Astro,all_donors,CNMD,2,-0.04918,-0.51278,0.6641114877086711,False,True
Astro,all_donors,PIBF1,1,-0.02238,-0.03756,0.9452030084433216,False,True
Astro,all_donors,CLN5,1,0.06199,-0.04994,0.9463025143834144,False,False
Astro,all_donors,SLITRK1,3,-0.12485,-0.53082,0.7949215288468418,False,True
Astro,all_donors,GPC5,35,0.12454,-0.43028,0.4843014084822616,False,False
Astro,all_donors,GPC6,89,0.02747,-0.4132,0.6583710337564048,False,False
Astro,all_donors,ITGBL1,4,0.21567,0.86253,0.4830028080519442,False,True
Astro,all_donors,TNFSF13B,3,0.0239,-0.00894,0.9941353539782346,False,False
Astro,all_donors,COL4A1,1,0.31369,0.92852,0.5343481719978711,False,True
Astro,all_donors,COL4A2,1,0.31369,0.50134,0.6194205861461516,False,True
Astro,all_donors,F10,3,-0.15057,-0.39882,0.7415967684463433,False,True
Astro,all_donors,GAS6,2,-0.17096,-0.07699,0.9448253171682416,False,True
Astro,all_donors,ANG,2,0.07921,1.24466,,False,True
Astro,all_donors,RNASE4,2,0.07921,1.70212,0.1136083613505079,False,True
Astro,all_donors,RNASE6,2,-0.29887,2.78851,,False,False
Astro,all_donors,RNASE1,3,0.19338,0.35969,0.8136501822712241,False,True
Astro,all_donors,C14orf93,1,0.1043,-0.04465,0.9665552447926892,False,False
Astro,all_donors,DHRS4L2,9,-0.07428,0.19268,0.7562634045495604,False,False
Astro,all_donors,CBLN3,2,-0.0781,0.09857,,False,False
Astro,all_donors,COCH,1,-0.51225,0.78908,,False,False
Astro,all_donors,FAM177A1,2,0.02509,-0.00396,0.996705108710698,False,False
Astro,all_donors,TMX1,1,0.03441,0.01583,0.9839533117194104,False,True
Astro,all_donors,NID2,1,0.00827,0.70853,0.7944792209423281,False,True
Astro,all_donors,TXNDC16,1,0.0267,-0.20058,0.5633855584583471,False,False
Astro,all_donors,ERO1A,1,-0.08256,-0.02632,0.9798376443206268,False,True
Astro,all_donors,BMP4,2,0.29963,1.50325,,False,True
Astro,all_donors,LGALS3,1,0.22043,0.26787,0.7405378552018443,False,True
Astro,all_donors,SMOC1,3,0.15024,0.38906,0.7444697629542228,False,True
Astro,all_donors,PAPLN,5,-0.15744,-0.05191,0.958871958255389,False,True
Astro,all_donors,ENTPD5,1,0.05517,0.10556,0.8771674065905883,False,True
Astro,all_donors,NPC2,1,-0.05128,0.7935,0.1263419143847716,False,False
Astro,all_donors,LTBP2,1,0.01508,0.91538,0.4843933288488701,False,True
Astro,all_donors,PGF,3,-0.13258,0.3266,,False,False
Astro,all_donors,TGFB3,3,0.18135,-0.68761,0.1509417255529232,False,False
Astro,all_donors,VASH1,6,-0.17706,-0.12296,0.9109079661766228,False,True
Astro,all_donors,ISM2,1,0.04781,-0.21149,,False,False
Astro,all_donors,FLRT2,4,0.1084,0.01175,0.9935826586761206,False,True
Astro,all_donors,FBLN5,2,-0.20023,0.4433,0.7811137672312498,False,False
Astro,all_donors,CHGA,2,-0.38916,0.03493,0.9939753226919472,False,False
Astro,all_donors,SERPINA1,2,-0.56692,1.37391,,False,False
Astro,all_donors,SERPINA3,1,0.40449,2.059,0.5029314537440659,False,True
Astro,all_donors,HHIPL1,2,-0.1579,-0.17977,0.7623336534820746,False,True
Astro,all_donors,WDR25,3,-0.10856,0.17478,0.7402356728585793,False,False
Astro,all_donors,AMN,1,-0.07929,0.96475,,False,False
Astro,all_donors,IGHG4,2,-0.60314,-2.41258,,False,True
Astro,all_donors,IGHG1,1,-0.38481,-1.82461,,False,True
Astro,all_donors,SCG5,2,-0.3258,0.20218,0.9277554955016024,False,False
Astro,all_donors,GREM1,1,-0.11222,-0.08156,,False,True
Astro,all_donors,THBS1,2,0.22962,1.27018,0.4343304801777962,False,True
Astro,all_donors,B2M,2,-0.05922,1.10048,0.170144465799324,False,False
Astro,all_donors,SORD,6,-0.1491,0.71537,0.3875125749679081,False,False
Astro,all_donors,FBN1,1,0.16307,0.03008,0.9731099447111552,False,True
Astro,all_donors,FGF7,2,-0.02114,0.36207,0.7940479888880266,False,False
Astro,all_donors,GLDN,8,-0.08401,0.67735,0.6774964361091387,False,False
Astro,all_donors,SCG3,1,-0.02987,-0.48092,0.4690789580121002,False,True
Astro,all_donors,LIPC,6,0.00644,0.37494,,False,True
Astro,all_donors,ANXA2,1,0.38535,0.94656,0.6046598241863457,False,True
Astro,all_donors,PPIB,1,-0.10961,0.06796,0.9619740737302904,False,False
Astro,all_donors,CILP,1,-0.51092,-0.38629,,False,True
Astro,all_donors,C15orf61,1,-0.0169,0.37808,0.6696873755243282,False,False
Astro,all_donors,SPESP1,1,0.09903,0.34077,0.4249302656190219,False,True
Astro,all_donors,THSD4,62,-0.38308,-0.53218,0.6095356594981663,False,True
Astro,all_donors,ADPGK,10,0.11848,0.01152,0.9892851779771014,False,True
Astro,all_donors,LOXL1,3,-0.16387,-0.14794,0.9277554955016024,False,True
Astro,all_donors,ISLR,4,0.47683,1.18746,0.4554458771586176,False,True
Astro,all_donors,ADAMTS7,1,-0.24801,-0.63897,0.6394155979687773,False,True
Astro,all_donors,CEMIP,1,-0.11088,0.72077,0.645419510098373,False,False
Astro,all_donors,IL16,24,-0.15071,0.36854,0.8280172953711459,False,False
Astro,all_donors,ADAMTSL3,2,0.41217,1.31358,0.2120658429494122,False,True
Astro,all_donors,NMB,1,0.19146,0.08646,0.9742424812667428,False,True
Astro,all_donors,HAPLN3,2,-0.17773,-0.86236,,False,True
Astro,all_donors,MFGE8,2,-0.0067,-0.63598,0.455026302862027,False,True
Astro,all_donors,NGRN,1,0.03485,0.19426,0.8281257084768338,False,True
Astro,all_donors,FURIN,5,-0.16771,-0.06728,0.9635334699352304,False,True
Astro,all_donors,ST8SIA2,2,-0.27634,-0.15527,,False,True
Astro,all_donors,RGMA,5,0.06015,0.15874,0.802934379530089,False,True
Astro,all_donors,ADAMTS17,1,-0.04988,-0.27659,0.8195644455821863,False,True
Astro,all_donors,CHSY1,1,0.16434,-0.12095,0.9398457692344252,False,False
Astro,all_donors,PCSK6,45,-0.19361,-0.33682,0.8112339653395315,False,True
Astro,all_donors,WFIKKN1,1,0.20654,0.3153,,False,True
Astro,all_donors,METRN,2,0.00428,0.08666,0.9376919534599868,False,True
Astro,all_donors,C1QTNF8,3,-0.19397,0.38218,,False,False
Astro,all_donors,TPSD1,3,0.41418,-0.33731,,False,False
Astro,all_donors,GNPTG,1,0.22357,0.44998,0.2035951122444681,False,True
Astro,all_donors,GFER,2,0.12407,0.64738,,False,True
Astro,all_donors,PKD1,2,-0.06663,0.21854,0.7554388905940873,False,False
Astro,all_donors,DNASE1L2,1,-0.07093,0.90077,,False,False
Astro,all_donors,PRSS27,1,-0.20132,0.34932,,False,False
Astro,all_donors,MMP25,2,-0.48184,-0.39267,,False,True
Astro,all_donors,IL32,1,-0.00485,2.45953,,False,False
Astro,all_donors,MTRNR2L4,1,-0.19438,0.20012,,False,False
Astro,all_donors,DNASE1,2,0.02461,0.23793,0.5867866231156682,False,True
Astro,all_donors,VASN,5,0.0378,0.71389,0.453333751500397,False,True
Astro,all_donors,C16orf89,1,0.23068,0.04078,0.969088143682571,False,True
Astro,all_donors,XYLT1,1,-0.12021,-0.63237,0.1125191747260859,False,True
Astro,all_donors,CLEC19A,2,0.32551,-0.33814,,False,False
Astro,all_donors,OTOA,3,0.18781,-0.22556,,False,False
Astro,all_donors,VWA3A,8,0.0874,0.13863,0.8904208849657181,False,True
Astro,all_donors,IL4R,12,0.32059,0.50422,0.8052307329503304,False,True
Astro,all_donors,CTF1,2,0.11321,1.38939,0.1801680008175235,False,True
Astro,all_donors,PRSS53,1,-0.27122,1.00957,,False,False
Astro,all_donors,PRSS36,2,0.21477,-0.70013,,False,False
Astro,all_donors,ITFG1,1,0.04971,-0.04519,0.945968829396067,False,False
Astro,all_donors,MMP2,13,-0.1782,0.8068,,False,False
Astro,all_donors,CES5A,13,-0.36753,-0.25796,,False,True
Astro,all_donors,RSPRY1,1,-0.01448,-0.0001,0.9999740116096724,False,True
Astro,all_donors,CX3CL1,1,0.39089,1.11552,0.2181897727066161,False,True
Astro,all_donors,ADGRG1,11,-0.05207,-0.43609,0.1734844414559125,False,True
Astro,all_donors,PRSS54,1,-0.15784,0.49853,,False,False
Astro,all_donors,CKLF,2,0.18425,0.69608,0.3991898233839892,False,True
Astro,all_donors,CES4A,4,0.23836,0.19806,,False,True
Astro,all_donors,GFOD2,1,0.20378,0.03225,0.9799570246507217,False,True
Astro,all_donors,NRN1L,2,-0.18713,0.40983,,False,False
Astro,all_donors,LCAT,3,0.1406,0.22748,0.8831398994246321,False,True
Astro,all_donors,PLA2G15,3,-0.09884,-0.14595,0.9108663487739797,False,True
Astro,all_donors,ST3GAL2,11,-0.07484,0.15994,0.7940479888880266,False,False
Astro,all_donors,IL34,14,-0.18118,0.33801,0.8308103036201012,False,False
Astro,all_donors,CLEC18B,1,0.68295,0.64047,,False,True
Astro,all_donors,ADAMTS18,1,-0.77511,0.25816,0.9424325982527793,False,False
Astro,all_donors,MBTPS1,1,0.00633,-0.04236,0.9398457692344252,False,False
Astro,all_donors,WFDC1,1,-0.11225,-0.17119,0.9541352927488068,False,True
Astro,all_donors,CRISPLD2,2,-0.29872,0.0268,0.9933653845075312,False,False
Astro,all_donors,SERPINF2,4,-0.44991,-0.75924,,False,True
Astro,all_donors,SERPINF1,2,-0.29193,0.82038,0.7091270820503325,False,False
Astro,all_donors,CYB5D2,1,0.07763,0.13244,0.8519836545001017,False,True
Astro,all_donors,CXCL16,1,0.07011,-0.30509,0.8133941864983972,False,False
Astro,all_donors,VMO1,1,-0.1476,-0.5845,,False,True
Astro,all_donors,C1QBP,1,0.10874,0.54967,0.5744372781136358,False,True
Astro,all_donors,ASGR1,1,-0.10528,-0.29712,0.8776582804681817,False,True
Astro,all_donors,TNFSF12,1,-0.03286,0.10748,0.9063442390423692,False,False
Astro,all_donors,TNFSF13,2,-0.10159,-0.41704,0.6637337285323985,False,True
Astro,all_donors,SHBG,3,-0.00483,0.74408,,False,False
Astro,all_donors,NTN1,2,0.16005,1.02017,0.2817440421941355,False,True
Astro,all_donors,MFAP4,3,0.0261,1.6498,,False,True
Astro,all_donors,MTRNR2L1,2,1.01215,0.78596,0.8636943672030426,False,True
Astro,all_donors,LGALS9,3,-0.13155,0.09598,0.9674960627930728,False,False
Astro,all_donors,VTN,2,-0.12529,-0.69928,,False,True
Astro,all_donors,SDF2,1,0.05447,0.34905,0.6371660327477265,False,True
Astro,all_donors,DHRS13,1,-0.06285,-0.05877,,False,True
Astro,all_donors,ABHD15,2,0.01834,-0.1002,0.9590058496639364,False,False
Astro,all_donors,TMEM98,1,0.08372,-0.05396,0.9663717210027096,False,False
Astro,all_donors,CCL2,1,-0.06067,-0.6033,0.8457490213304558,False,True
Astro,all_donors,MMP28,2,-0.23298,-0.11814,0.8391109959179814,False,True
Astro,all_donors,CCL5,2,0.09703,2.09546,,False,True
Astro,all_donors,CCL4L2,2,0.02613,0.62766,,False,True
Astro,all_donors,DHRS11,1,0.16507,-0.85901,0.3471679666518821,False,False
Astro,all_donors,PLXDC1,2,0.07074,0.14451,0.9424325982527793,False,True
Astro,all_donors,IGFBP4,1,-0.36238,0.91786,0.6915516991032851,False,False
Astro,all_donors,HCRT,1,0.06021,-1.08568,,False,False
Astro,all_donors,IFI35,1,-0.0169,0.20866,0.9048569043418642,False,False
Astro,all_donors,PYY,8,-0.02599,0.98294,,False,False
Astro,all_donors,GRN,3,-0.00217,0.05484,0.9663717210027096,False,False
Astro,all_donors,C1QL1,2,0.03917,1.08302,0.5685843519484262,False,True
Astro,all_donors,MAPT,19,0.2026,0.14923,0.7663855589467754,False,True
Astro,all_donors,WNT3,1,-0.01375,-0.07759,0.9597723489244704,False,True
Astro,all_donors,WNT9B,1,-0.39136,0.43216,,False,False
Astro,all_donors,NXPH3,2,-0.00419,0.34422,0.8571644376195148,False,False
Astro,all_donors,COL1A1,1,0.56642,0.33546,,False,True
Astro,all_donors,XYLT2,1,-0.00018,-0.28614,0.6518755078434995,False,True
Astro,all_donors,CHAD,4,-0.17389,-0.02133,,False,True
Astro,all_donors,SPATA20,1,-0.02346,0.3079,0.740783215826162,False,False
Astro,all_donors,CA10,3,-0.43215,-0.4056,0.7693870171843106,False,True
Astro,all_donors,NOG,1,0.02053,0.09621,,False,True
Astro,all_donors,C17orf67,1,0.27678,0.39552,0.7285778950182332,False,True
Astro,all_donors,SCPEP1,1,0.21643,0.61334,0.1146094667441185,False,True
Astro,all_donors,LPO,5,-0.06235,-0.50079,,False,True
Astro,all_donors,RNF43,3,-0.06875,-0.5251,0.6862963616100713,False,True
Astro,all_donors,ACE,2,-0.29188,0.42535,,False,False
Astro,all_donors,FAM20A,13,-0.46673,0.33319,0.8739147053978917,False,False
Astro,all_donors,BTBD17,2,-0.0956,-1.42996,0.1232660698394634,False,True
Astro,all_donors,C17orf99,1,-0.03303,0.30647,,False,False
Astro,all_donors,TIMP2,18,0.02849,0.16792,0.8715519770621217,False,True
Astro,all_donors,LGALS3BP,1,0.11334,0.24006,0.8161446255860959,False,True
Astro,all_donors,CANT1,5,-0.00672,-0.11486,0.9329458566397916,False,True
Astro,all_donors,C1QTNF1,10,0.03383,-0.40088,,False,False
Astro,all_donors,NPTX1,3,-0.07109,-0.21938,0.9167792759268856,False,True
Astro,all_donors,P4HB,1,0.07942,0.17312,0.7944792209423281,False,True
Astro,all_donors,NPB,2,0.061,0.00785,,False,True
Astro,all_donors,NOTUM,2,-0.00566,-0.30052,,False,True
Astro,all_donors,SECTM1,2,-0.28454,-0.86014,,False,True
Astro,all_donors,METRNL,1,-0.0454,-0.51088,0.4883884091874939,False,True
Astro,all_donors,CLUL1,5,0.29179,1.05547,,False,True
Astro,all_donors,ADCYAP1,2,-0.38539,-1.3111,,False,True
Astro,all_donors,EMILIN2,3,-0.20658,-0.17319,,False,True
Astro,all_donors,LAMA1,25,-0.03283,-0.23529,0.6892563912792113,False,True
Astro,all_donors,TWSG1,1,0.02107,-0.02706,0.9714820249111336,False,False
Astro,all_donors,LAMA3,29,0.07635,0.08533,0.9426114087608328,False,True
Astro,all_donors,CHST9,8,0.45669,0.98851,0.0344880753975819,True,True
Astro,all_donors,TTR,8,-0.36768,-1.76855,0.4377182342740038,False,True
Astro,all_donors,GALNT1,1,-0.34628,-0.11514,0.84150639421236,False,True
Astro,all_donors,LIPG,4,0.31094,-0.11062,,False,False
Astro,all_donors,C18orf54,1,0.11559,-0.13192,0.944994954764156,False,False
Astro,all_donors,TCF4,89,0.09913,-0.11762,0.861815954977765,False,False
Astro,all_donors,GRP,3,-0.52883,0.81554,,False,False
Astro,all_donors,CCBE1,36,-0.25834,-1.01015,0.645419510098373,False,True
Astro,all_donors,HMSD,2,0.23847,0.89801,,False,True
Astro,all_donors,CBLN2,17,-0.21551,-0.95095,0.5663956285592427,False,True
Astro,all_donors,NETO1,2,-0.03837,-0.16957,0.9424325982527793,False,True
Astro,all_donors,CNDP1,1,-0.31407,0.21603,0.874973737067056,False,False
Astro,all_donors,FGF22,1,0.01244,-0.06331,0.9848904178919454,False,False
Astro,all_donors,FSTL3,3,0.10971,0.82732,0.1371887074670807,False,True
Astro,all_donors,CFD,2,0.18711,0.34972,,False,True
Astro,all_donors,ADAMTSL5,1,-0.08576,-0.73515,,False,True
Astro,all_donors,IZUMO4,1,-0.00391,0.33544,0.7144217525296559,False,False
Astro,all_donors,AMH,1,-0.55086,-1.14832,,False,True
Astro,all_donors,EBI3,1,0.0106,0.26873,,False,True
Astro,all_donors,MYDGF,2,-0.15571,0.65044,0.3411539717071516,False,False
Astro,all_donors,HSD11B1L,1,-0.07701,-0.07611,0.9590058496639364,False,True
Astro,all_donors,NRTN,1,-0.26003,0.01353,,False,False
Astro,all_donors,FUT6,2,-0.14799,-1.16528,,False,True
Astro,all_donors,PSPN,2,-0.04269,0.20591,,False,False
Astro,all_donors,TNFSF14,1,0.03789,2.38375,0.657934761372888,False,True
Astro,all_donors,C3,2,0.69357,1.37917,0.4343304801777962,False,True
Astro,all_donors,ANGPTL4,2,0.152,1.02025,0.42258650510185,False,True
Astro,all_donors,ADAMTS10,4,0.31849,0.43539,0.5723482399188603,False,True
Astro,all_donors,OLFM2,19,-0.08519,-0.35671,0.6020390553321072,False,True
Astro,all_donors,COL5A3,2,-0.14085,-0.4189,0.3998047481175119,False,True
Astro,all_donors,EPOR,2,-0.29248,0.42982,0.632952394619043,False,False
Astro,all_donors,MAN2B1,2,-0.00273,0.07352,0.9645045972769808,False,False
Astro,all_donors,RTBDN,3,-0.04905,0.07054,,False,False
Astro,all_donors,CALR,1,0.01871,0.01211,0.9941306283581308,False,True
Astro,all_donors,DAND5,3,-0.04014,0.36171,,False,False
Astro,all_donors,PODNL1,2,0.04109,0.87803,,False,True
Astro,all_donors,SAMD1,1,-0.00851,0.39625,0.6698071037527966,False,False
Astro,all_donors,ADGRE5,1,0.02503,1.32296,,False,True
Astro,all_donors,ADGRE3,4,-0.10229,0.49186,,False,False
Astro,all_donors,PGLYRP2,2,-0.08474,-1.23865,,False,True
Astro,all_donors,CPAMD8,2,-0.37152,0.39717,0.8759514409291168,False,False
Astro,all_donors,IFI30,1,-0.29811,0.96484,,False,False
Astro,all_donors,GDF15,2,0.3677,1.37282,,False,True
Astro,all_donors,CRLF1,2,-0.47028,-0.13822,0.9407306940096476,False,True
Astro,all_donors,NCAN,3,-0.17787,-0.39885,0.5726303862551595,False,True
Astro,all_donors,HAPLN4,1,-0.67592,-1.09748,,False,True
Astro,all_donors,GPI,1,-0.11078,0.04621,0.9598658226075938,False,False
Astro,all_donors,SCGB2B2,13,0.08259,0.02201,0.9799377477199024,False,True
Astro,all_donors,SCN1B,2,0.27579,0.12454,0.958871958255389,False,True
Astro,all_donors,LGI4,1,-0.05143,0.28809,0.6603693126268912,False,False
Astro,all_donors,HAMP,3,-0.03085,-0.02373,0.9974514962773608,False,True
Astro,all_donors,DMKN,3,-0.12841,0.32689,,False,False
Astro,all_donors,HSPB6,1,0.13463,0.90437,,False,True
Astro,all_donors,CATSPERG,1,0.04604,0.26831,0.7251391117663372,False,True
Astro,all_donors,CCER2,1,-0.5373,0.5657,,False,False
Astro,all_donors,ACP7,1,-0.12651,0.12823,,False,False
Astro,all_donors,FCGBP,6,0.01548,0.34308,0.8393310457441086,False,True
Astro,all_donors,LTBP4,7,0.24154,1.42753,0.1523297253902636,False,True
Astro,all_donors,MIA,1,-0.05492,0.53878,,False,False
Astro,all_donors,TGFB1,2,0.25513,0.07898,0.9604162468197966,False,True
Astro,all_donors,CXCL17,1,0.00411,-0.17613,0.9318582489089576,False,False
Astro,all_donors,CEACAM1,1,-0.46024,0.26199,0.7946817973672803,False,False
Astro,all_donors,PSG3,1,0.15608,-0.49572,,False,False
Astro,all_donors,PSG8,9,-0.3334,0.14293,,False,False
Astro,all_donors,PSG6,1,0.02784,0.33221,,False,True
Astro,all_donors,PINLYP,2,-0.05286,0.19103,0.9216852437036576,False,False
Astro,all_donors,PLAUR,2,-0.00895,0.31638,0.7822125438984271,False,False
Astro,all_donors,PVR,1,-0.2498,-0.46248,0.7123836927586062,False,True
Astro,all_donors,APOE,3,-0.0989,-0.06263,0.965630315438546,False,True
Astro,all_donors,APOC1,2,-0.2626,-0.19177,0.9057702620450933,False,True
Astro,all_donors,APOC4,1,-0.36514,0.22881,,False,False
Astro,all_donors,APOC2,4,-0.48002,-0.04974,0.9849459768022576,False,True
Astro,all_donors,PGLYRP1,1,0.2502,0.3588,,False,True
Astro,all_donors,IGFL4,7,-0.33613,-0.35533,0.6698071037527966,False,True
Astro,all_donors,IGFL3,3,-0.61566,-2.40147,,False,True
Astro,all_donors,FKRP,2,0.05863,-0.11255,0.9200436935966582,False,False
Astro,all_donors,CA11,1,0.20971,-0.28528,0.8025309520408281,False,False
Astro,all_donors,NTN5,1,0.2338,0.37853,0.7101778073766938,False,True
Astro,all_donors,TULP2,1,0.00959,-1.14224,,False,False
Astro,all_donors,NUCB1,1,0.00959,-0.02623,0.9839533117194104,False,False
Astro,all_donors,DKKL1,2,0.20354,-0.95008,,False,False
Astro,all_donors,FLT3LG,2,-0.0239,0.17434,0.9048569043418642,False,False
Astro,all_donors,IL4I1,9,-0.05385,0.03527,,False,False
Astro,all_donors,EMC10,2,0.07893,0.10033,0.9003552912401797,False,True
Astro,all_donors,CLEC11A,2,0.13228,0.44159,0.7142485913938359,False,True
Astro,all_donors,KLK6,1,0.07877,0.32312,0.8847309671882704,False,True
Astro,all_donors,KLK7,2,-0.53921,1.11803,,False,False
Astro,all_donors,IGLON5,2,-0.47596,-1.17337,0.2276230682850685,False,True
Astro,all_donors,SIGLEC10,2,0.31706,1.56243,,False,True
Astro,all_donors,OSCAR,2,-0.04575,0.44327,,False,False
Astro,all_donors,LILRA2,1,-0.46832,0.33122,,False,False
Astro,all_donors,LILRB1,3,-0.2265,-0.2574,,False,True
Astro,all_donors,FCAR,2,-0.35664,0.60203,,False,False
Astro,all_donors,SSC5D,4,0.64348,0.33897,0.8108921505432888,False,True
Astro,all_donors,EDDM13,2,-0.15102,-0.26506,0.7482299311391886,False,True
Astro,all_donors,A1BG,1,0.05905,0.56986,0.80850352046902,False,True
Astro,all_donors,ANGPT4,2,-0.4033,-0.38885,,False,True
Astro,all_donors,RSPO4,2,-0.52674,0.44854,0.5149424842234671,False,False
Astro,all_donors,PDYN,2,0.25425,1.34206,,False,True
Astro,all_donors,ATRN,1,-0.13448,0.00215,0.9974514962773608,False,False
Astro,all_donors,C20orf27,2,0.11911,0.42572,0.7002279300449508,False,True
Astro,all_donors,CHGB,2,-0.00077,0.63334,0.7824492458922571,False,False
Astro,all_donors,BMP2,3,0.41596,0.45795,0.8032221395107267,False,True
Astro,all_donors,ISM1,1,-0.46569,0.03573,0.9936434387142132,False,False
Astro,all_donors,FLRT3,1,-0.27037,-0.09906,0.9654256566846806,False,True
Astro,all_donors,PCSK2,2,-0.16115,-0.73351,0.3153971913192685,False,True
Astro,all_donors,CST3,2,0.05573,0.15269,0.9151694822615704,False,True
Astro,all_donors,CST7,3,0.22674,-0.10553,,False,False
Astro,all_donors,ENTPD6,1,-0.00915,0.03035,0.97494610149279,False,False
Astro,all_donors,ASIP,11,0.2665,-0.46597,0.7940479888880266,False,False
Astro,all_donors,MMP24,1,-0.50161,-0.03286,0.9845010598099744,False,True
Astro,all_donors,GDF5,3,-0.02748,0.19079,,False,False
Astro,all_donors,SOGA1,2,-0.03035,-0.29186,0.4312996961236816,False,True
Astro,all_donors,VSTM2L,2,-0.66967,0.12248,0.9554927809755464,False,False
Astro,all_donors,TGM2,1,-0.01311,1.39894,,False,False
Astro,all_donors,EMILIN3,1,-0.63749,0.10056,,False,False
Astro,all_donors,CCN5,1,-0.21244,0.69505,,False,False
Astro,all_donors,SDC4,1,0.30986,0.13324,0.9044420976053924,False,True
Astro,all_donors,WFDC2,2,-0.33568,0.48502,,False,False
Astro,all_donors,WFDC10B,1,-0.1082,0.07967,0.9745893322004204,False,False
Astro,all_donors,WFDC3,1,-0.04182,0.16113,0.9314888133589744,False,False
Astro,all_donors,PLTP,1,0.26752,0.30379,0.6518755078434995,False,True
Astro,all_donors,CD40,1,-0.02453,-0.08822,0.9561468190400616,False,True
Astro,all_donors,SULF2,1,0.11065,0.09771,0.9554927809755464,False,True
Astro,all_donors,CBLN4,1,-0.35281,-1.27604,,False,True
Astro,all_donors,BMP7,1,0.03214,-0.21884,0.6734061508300151,False,False
Astro,all_donors,GNAS,21,0.12826,0.05379,0.9527668201454612,False,True
Astro,all_donors,EDN3,2,0.04411,0.70151,,False,True
Astro,all_donors,LAMA5,1,0.24072,0.46561,0.5959614056764523,False,True
Astro,all_donors,COL9A3,1,0.01846,0.37516,,False,True
Astro,all_donors,COL20A1,3,-0.13822,-0.10156,,False,True
Astro,all_donors,TNFRSF6B,2,-0.17213,1.08249,0.2731502572352666,False,False
Astro,all_donors,LIPI,1,-0.15544,0.35745,,False,False
Astro,all_donors,CXADR,1,-0.06825,0.09639,0.9595014944913782,False,False
Astro,all_donors,APP,8,0.18781,0.39152,0.4374375891842221,False,True
Astro,all_donors,ADAMTS1,2,0.32413,0.63447,0.6470468695602933,False,True
Astro,all_donors,ADAMTS5,1,0.07888,-0.80987,0.5386494589613744,False,False
Astro,all_donors,C21orf62,1,-0.14238,0.72372,0.6646036480574861,False,False
Astro,all_donors,IFNAR2,1,0.06601,-0.10422,0.9382637485700968,False,False
Astro,all_donors,DSCAM,91,0.10056,0.06167,0.9742424812667428,False,True
Astro,all_donors,ERVH48-1,2,-0.06044,0.35545,,False,False
Astro,all_donors,COL18A1,14,-0.1002,0.59309,0.6368413595284438,False,False
Astro,all_donors,COL6A1,1,-0.14552,-0.26415,0.6399425933575382,False,True
Astro,all_donors,COL6A2,3,0.31264,0.94072,0.4875237433053936,False,True
Astro,all_donors,S100B,2,-0.03247,0.47186,0.4788458804607671,False,False
Astro,all_donors,IL17RA,1,-0.12019,-0.07346,0.9652713381073204,False,True
Astro,all_donors,ADA2,5,-0.17399,-0.03119,0.9799570246507217,False,True
Astro,all_donors,C22orf39,1,0.13859,0.46143,0.6028169811024342,False,True
Astro,all_donors,SERPIND1,4,-0.13225,0.67474,,False,False
Astro,all_donors,IGLL1,1,-0.20449,0.3169,,False,False
Astro,all_donors,MMP11,1,-0.15368,-0.73846,,False,True
Astro,all_donors,MIF,1,-0.00213,0.34341,0.8423944950280735,False,False
Astro,all_donors,EMID1,1,-0.25355,-0.11802,0.9186696377859838,False,True
Astro,all_donors,TCN2,3,0.15315,0.09942,0.9398457692344252,False,True
Astro,all_donors,PLA2G3,1,-0.24006,0.54405,,False,False
Astro,all_donors,BPIFC,1,-0.23518,0.77093,,False,False
Astro,all_donors,TIMP3,3,0.00829,-0.11566,0.9328964017331444,False,False
Astro,all_donors,APOL4,2,0.25075,-2.47981,0.1928180840010306,False,False
Astro,all_donors,APOL1,2,-0.20564,1.92357,,False,False
Astro,all_donors,C1QTNF6,2,-0.00787,0.34377,0.5196733634281461,False,False
Astro,all_donors,LGALS1,1,0.20595,0.67198,0.4787377395433277,False,True
Astro,all_donors,PDGFB,4,-0.37766,0.80814,0.6287220362468686,False,False
Astro,all_donors,CHADL,2,0.05244,-0.02298,0.9897998623864772,False,False
Astro,all_donors,CCDC134,1,-0.12451,-0.00534,0.9977566765189652,False,True
Astro,all_donors,SCUBE1,2,-0.1662,0.08978,,False,False
Astro,all_donors,FBLN1,3,-0.16101,-0.05421,0.9543449867681758,False,True
Astro,all_donors,WNT7B,5,-0.40873,-0.69778,0.3839440773278011,False,True
Astro,all_donors,TAFA5,61,0.01641,-0.24481,0.4377182342740038,False,False
Astro,all_donors,CSF2RA,5,0.38161,0.29407,0.897180004445203,False,True
Astro,all_donors,DHRSX,2,-0.16683,-0.1695,0.7444697629542228,False,True
Astro,all_donors,ARSF,4,-0.05458,-0.86285,0.2071929059067176,False,True
Astro,all_donors,MXRA5,2,0.32857,1.71113,,False,True
Astro,all_donors,ANOS1,1,0.3058,0.04627,0.973544612527114,False,True
Astro,all_donors,VEGFD,2,-0.44334,0.59178,0.4830028080519442,False,False
Astro,all_donors,APOO,1,0.15937,-0.13077,0.7872643998390298,False,False
Astro,all_donors,SRPX,1,-0.02085,0.36862,0.7562634045495604,False,False
Astro,all_donors,NYX,1,0.11721,1.10721,,False,True
Astro,all_donors,NDP,2,-0.10721,-0.55001,0.378523036988558,False,True
Astro,all_donors,DIPK2B,1,-0.3004,0.13524,0.9645045972769808,False,False
Astro,all_donors,TIMP1,1,0.08864,1.43282,0.2226147168082344,False,True
Astro,all_donors,CFP,2,0.24488,-0.34191,,False,False
Astro,all_donors,PCSK1N,2,-0.14254,0.48773,0.7448637987855855,False,False
Astro,all_donors,EDA,5,-0.005,0.13526,0.8736772124746601,False,False
Astro,all_donors,PDZD11,1,0.03574,0.43648,0.6172780329247576,False,True
Astro,all_donors,SRPX2,2,0.52439,0.17468,0.94193020658272,False,True
Astro,all_donors,COL4A6,2,0.06267,0.88173,0.1188611159515477,False,True
Astro,all_donors,COL4A5,9,0.22185,0.05416,0.9382637485700968,False,True
Astro,all_donors,CHRDL1,1,0.05751,-0.25817,0.868529014053934,False,False
Astro,all_donors,PGRMC1,1,0.14155,0.34258,0.7971432895721866,False,True
Astro,all_donors,APLN,2,0.25657,0.73469,0.55069496226555,False,True
Astro,all_donors,ENOX2,38,-0.12847,-0.0229,0.9745893322004204,False,True
Astro,all_donors,IGSF1,11,-0.2404,-0.70703,0.5297093608559377,False,True
Astro,all_donors,GPC4,2,-0.05618,0.02708,0.9852035256084128,False,False
Astro,all_donors,FGF13,15,0.07151,-0.04018,0.986383303716748,False,False
Astro,all_donors,CD99L2,1,-0.12282,-0.30542,0.28549362117688,False,True
Astro,all_donors,BGN,1,-0.10639,1.34811,0.1458405712084238,False,False
Astro,all_donors,FAM3A,1,0.12193,0.61194,0.269324296256466,False,True
Astro,all_donors,F8,3,0.43528,0.18273,0.7582329334428165,False,True
Astro,min10_cells,ISG15,5,-0.01755,0.18316,0.9008186109444148,False,False
Astro,min10_cells,AGRN,1,-0.04132,0.07489,0.9587688417484072,False,False
Astro,min10_cells,VWA1,3,0.02252,0.19733,0.8606753552723297,False,True
Astro,min10_cells,MMEL1,1,0.00292,1.39684,,False,True
Astro,min10_cells,MEGF6,25,0.03422,1.14124,0.3873790927767683,False,True
Astro,min10_cells,TNFRSF25,1,0.31572,-0.50693,0.7693870171843106,False,False
Astro,min10_cells,CORT,1,-0.16657,0.30285,,False,False
Astro,min10_cells,ANGPTL7,2,-0.51905,0.08494,,False,False
Astro,min10_cells,DRAXIN,2,0.32892,1.68929,,False,True
Astro,min10_cells,NPPA,2,-0.26089,0.59955,,False,False
Astro,min10_cells,TNFRSF1B,2,-0.05533,0.17591,0.9451818298845536,False,False
Astro,min10_cells,CELA2B,1,0.13541,0.36756,0.8536754503100814,False,True
Astro,min10_cells,NBL1,14,-0.2549,-0.10593,0.91863794422707,False,True
Astro,min10_cells,PLA2G5,1,-0.29496,-0.86952,0.3153971913192685,False,True
Astro,min10_cells,PLA2G2C,2,-0.37396,-0.08287,,False,True
Astro,min10_cells,VWA5B1,2,0.04958,-0.34171,,False,False
Astro,min10_cells,HSPG2,2,-0.02496,-0.3107,0.8005333952690744,False,True
Astro,min10_cells,WNT4,1,0.40928,0.61347,,False,True
Astro,min10_cells,C1QA,2,-0.51985,1.53968,0.6514601718557442,False,False
Astro,min10_cells,C1QC,3,0.14932,0.87531,0.7974236385706738,False,True
Astro,min10_cells,C1QB,3,0.24897,1.37125,0.6137389876523864,False,True
Astro,min10_cells,COL16A1,3,0.11698,0.13581,0.8937485246753931,False,True
Astro,min10_cells,ADGRB2,5,0.16671,-0.34606,0.638277787867011,False,False
Astro,min10_cells,FNDC5,2,-0.20954,-0.65632,0.3608249525712216,False,True
Astro,min10_cells,COL8A2,7,-0.06391,1.97074,,False,False
Astro,min10_cells,CSF3R,1,-0.18111,-0.69719,0.7872643998390298,False,True
Astro,min10_cells,EPHA10,3,-0.41069,-1.09098,,False,True
Astro,min10_cells,BMP8A,3,-0.60104,-0.27033,,False,True
Astro,min10_cells,BMP8B,2,-0.34017,-0.01638,,False,True
Astro,min10_cells,PPT1,6,-0.0024,0.10476,0.8961354658979104,False,False
Astro,min10_cells,COL9A2,1,0.14366,0.68376,0.4680949488297578,False,True
Astro,min10_cells,YBX1,1,0.06796,0.12184,0.8430410233507193,False,True
Astro,min10_cells,P3H1,1,-0.00863,-0.29431,0.735562152506883,False,True
Astro,min10_cells,SVBP,1,0.10863,0.10374,0.9451818298845536,False,True
Astro,min10_cells,ST3GAL3,7,0.0437,-0.01114,0.9890472449310118,False,False
Astro,min10_cells,SPATA6,1,-0.07562,-0.21109,0.6862253796334,False,True
Astro,min10_cells,GPX7,1,-0.06472,-0.0831,0.9617205908584252,False,True
Astro,min10_cells,PODN,1,-0.02148,1.42482,0.2383882758507339,False,False
Astro,min10_cells,LRP8,1,-0.06842,-0.49184,0.1873895670618255,False,True
Astro,min10_cells,SSBP3-AS1,1,-0.18068,-0.63707,,False,True
Astro,min10_cells,LEPR,20,0.04112,-0.1478,0.9024643135552328,False,False
Astro,min10_cells,CCN1,2,0.10724,1.11624,0.25876937122106,False,True
Astro,min10_cells,COL24A1,1,-0.3152,-0.14113,0.9382637485700968,False,True
Astro,min10_cells,CLCA4,1,0.05321,0.01087,,False,True
Astro,min10_cells,GBP1,1,0.21948,1.31234,0.2603952569373993,False,True
Astro,min10_cells,TGFBR3,9,0.00775,0.13675,0.8317105828938055,False,True
Astro,min10_cells,F3,2,0.01685,0.09862,0.9424325982527793,False,True
Astro,min10_cells,VCAM1,2,0.02045,0.9858,0.4860450210010446,False,True
Astro,min10_cells,EXTL2,1,-0.13254,0.01926,0.9789888676906592,False,False
Astro,min10_cells,OLFM3,25,-0.50815,-1.15719,0.3838505838867324,False,True
Astro,min10_cells,COL11A1,1,0.00926,-0.46515,0.5051498480615478,False,False
Astro,min10_cells,AMY2B,3,-0.22518,-0.03806,0.9740063566592082,False,True
Astro,min10_cells,AMY2A,1,-0.31927,-0.73061,,False,True
Astro,min10_cells,CSF1,2,0.11245,0.45451,0.4377182342740038,False,True
Astro,min10_cells,CHI3L2,12,0.23383,1.22602,0.7225730189174436,False,True
Astro,min10_cells,WNT2B,3,-0.07925,0.34412,0.816165849778417,False,False
Astro,min10_cells,OLFML3,2,0.03593,1.47246,,False,True
Astro,min10_cells,NGF,1,0.11505,0.46452,,False,True
Astro,min10_cells,CD160,3,-0.08059,-0.27883,,False,True
Astro,min10_cells,NOTCH2NLA,1,0.62477,0.27487,0.6698071037527966,False,True
Astro,min10_cells,NOTCH2NLC,1,-0.1323,0.05717,0.9596676230330844,False,False
Astro,min10_cells,C1orf54,3,0.10838,-0.11583,0.8587286618205612,False,False
Astro,min10_cells,ECM1,3,-0.09404,1.78865,,False,False
Astro,min10_cells,ADAMTSL4,2,-0.07122,0.80839,0.5356112752697912,False,False
Astro,min10_cells,CTSS,2,-0.46862,0.30577,0.8530626397294753,False,False
Astro,min10_cells,CTSK,2,-0.09085,0.05118,0.9839533117194104,False,False
Astro,min10_cells,C1orf56,2,0.16223,0.22769,0.8707207505642711,False,True
Astro,min10_cells,TUFT1,1,-0.26663,-0.26405,,False,True
Astro,min10_cells,S100A9,1,0.24009,2.63906,,False,True
Astro,min10_cells,S100A8,1,0.32325,-0.72774,,False,False
Astro,min10_cells,S100A4,3,0.29951,2.44134,,False,True
Astro,min10_cells,S100A13,2,0.15062,0.21814,0.8063337592967763,False,True
Astro,min10_cells,IL6R,3,0.16287,-0.22239,0.8133941864983972,False,False
Astro,min10_cells,EFNA4,2,-0.0984,0.49165,,False,False
Astro,min10_cells,EFNA1,2,-0.08607,0.49883,0.7822125438984271,False,False
Astro,min10_cells,MUC1,2,0.05565,0.67494,0.5153480004262535,False,True
Astro,min10_cells,THBS3,1,-0.00241,-0.01509,0.9899958270808284,False,True
Astro,min10_cells,BGLAP,2,0.31251,1.68921,,False,True
Astro,min10_cells,NAXE,2,-0.05306,0.37428,0.7918536705915252,False,False
Astro,min10_cells,HAPLN2,1,-0.46233,0.94565,0.4268315176427786,False,False
Astro,min10_cells,BCAN,2,-0.02449,-0.417,0.5049874366267868,False,True
Astro,min10_cells,HDGF,1,-0.00172,0.27469,0.6958359289334557,False,False
Astro,min10_cells,COPA,1,-0.19499,-0.15412,0.6711765205065459,False,True
Astro,min10_cells,ADAMTS4,4,0.06558,0.64476,,False,True
Astro,min10_cells,FCGR3A,1,0.0194,1.30752,0.7549543602661084,False,True
Astro,min10_cells,OLFML2B,14,0.10314,-0.04833,,False,False
Astro,min10_cells,CREG1,1,0.2964,0.49375,0.4730279284829464,False,True
Astro,min10_cells,F5,2,0.25952,0.73224,0.5874428766110423,False,True
Astro,min10_cells,TNN,2,-0.67157,-0.51265,,False,True
Astro,min10_cells,TNR,3,0.22967,-0.03677,0.9826481105595156,False,False
Astro,min10_cells,PAPPA2,1,-0.25151,0.66746,0.0817221227349393,True,False
Astro,min10_cells,BRINP2,1,0.10432,-0.33325,0.7974236385706738,False,False
Astro,min10_cells,ANGPTL1,1,0.01054,-0.22907,0.8536898977040497,False,False
Astro,min10_cells,QSOX1,2,-0.29748,-0.26355,0.8032221395107267,False,True
Astro,min10_cells,MR1,1,-0.21286,0.2427,0.7809004593331138,False,False
Astro,min10_cells,LAMC1,1,0.18,0.3725,0.4168733225485977,False,True
Astro,min10_cells,HMCN1,1,-0.22035,0.72691,,False,False
Astro,min10_cells,BRINP3,3,0.00065,-0.62997,0.28549362117688,False,False
Astro,min10_cells,CFH,2,-0.56334,1.80786,0.390547213752529,False,False
Astro,min10_cells,CRB1,31,0.21959,0.0764,0.9082759821780236,False,True
Astro,min10_cells,RNPEP,1,0.14961,0.09552,0.9121805196760724,False,True
Astro,min10_cells,CHI3L1,2,-0.23489,1.12631,0.5877237122236736,False,False
Astro,min10_cells,CHIT1,1,-0.12401,0.77764,,False,False
Astro,min10_cells,FMOD,2,0.09558,2.60094,,False,True
Astro,min10_cells,PRELP,3,0.0985,0.24189,0.8308103036201012,False,True
Astro,min10_cells,REN,4,-0.41837,0.28689,,False,False
Astro,min10_cells,CNTN2,2,-0.17249,0.49461,0.6646036480574861,False,False
Astro,min10_cells,PM20D1,2,0.53283,-0.343,0.8683656811127171,False,False
Astro,min10_cells,IL19,17,-0.21913,-0.16112,,False,True
Astro,min10_cells,C4BPA,1,0.05681,1.75878,,False,True
Astro,min10_cells,CD55,1,0.06811,0.30173,0.7066847180386444,False,True
Astro,min10_cells,CR1L,1,0.0941,0.18959,,False,True
Astro,min10_cells,LAMB3,3,0.07891,0.08266,,False,True
Astro,min10_cells,NENF,1,0.38687,0.32751,0.7250428574042281,False,True
Astro,min10_cells,VASH2,2,-0.24175,-0.432,,False,True
Astro,min10_cells,USH2A,2,0.04583,-1.21247,0.0168189642329121,True,False
Astro,min10_cells,TGFB2,3,0.18002,0.09682,0.8726915676203372,False,True
Astro,min10_cells,SUSD4,1,-0.12719,-0.57361,0.4768093112440079,False,True
Astro,min10_cells,LEFTY1,2,-0.03097,0.32047,0.8561150861851133,False,False
Astro,min10_cells,WNT9A,2,0.28561,0.88373,,False,True
Astro,min10_cells,GALNT2,1,0.02023,-0.28116,0.5259284925896791,False,False
Astro,min10_cells,AGT,1,-0.07328,0.00857,0.9943398500814364,False,False
Astro,min10_cells,NID1,2,-0.33923,-0.40984,0.673356456359345,False,True
Astro,min10_cells,GREM2,1,-0.20869,0.02008,,False,False
Astro,min10_cells,NLRP3,2,-0.19726,0.52325,,False,False
Astro,min10_cells,ALKAL2,1,0.35175,-0.42631,,False,False
Astro,min10_cells,PXDN,1,-0.22571,-0.84185,0.7379448242455213,False,True
Astro,min10_cells,COLEC11,5,-0.29402,1.60597,,False,False
Astro,min10_cells,GDF7,1,-0.47461,-1.20434,,False,True
Astro,min10_cells,APOB,1,-0.00458,1.34997,,False,False
Astro,min10_cells,POMC,1,-0.10907,-0.9266,,False,True
Astro,min10_cells,EMILIN1,1,-0.08823,0.82868,0.4137308170959418,False,False
Astro,min10_cells,CGREF1,2,-0.00791,0.3395,0.8240499659650264,False,False
Astro,min10_cells,UCN,2,0.49213,0.51919,0.6394155979687773,False,True
Astro,min10_cells,FNDC4,1,0.08362,0.47974,0.7356363356080049,False,True
Astro,min10_cells,LTBP1,27,-0.09326,-0.15522,0.8634660908835542,False,True
Astro,min10_cells,CRIM1,2,0.04132,-0.02168,0.9826481105595156,False,False
Astro,min10_cells,VIT,1,0.11204,-0.03502,0.992208632601106,False,False
Astro,min10_cells,QPCT,2,-0.13571,0.17895,,False,False
Astro,min10_cells,PKDCC,2,0.05249,-0.30302,0.7946817973672803,False,False
Astro,min10_cells,EFEMP1,1,0.33477,0.65701,0.4843933288488701,False,True
Astro,min10_cells,TGFA,2,-0.48175,0.00621,0.9977566765189652,False,False
Astro,min10_cells,PRADC1,1,-0.14853,0.12396,0.9184352778173632,False,False
Astro,min10_cells,LOXL3,1,-0.01848,0.10063,0.8819887630527389,False,False
Astro,min10_cells,GNLY,1,-0.46613,2.24295,,False,False
Astro,min10_cells,CD8A,2,0.23983,-0.07067,,False,False
Astro,min10_cells,THNSL2,2,0.41493,0.35906,0.7872643998390298,False,True
Astro,min10_cells,MGAT4A,11,0.02477,-0.04412,0.958307623205143,False,False
Astro,min10_cells,CREG2,2,-0.15614,0.27976,0.874973737067056,False,False
Astro,min10_cells,IL1R1,9,0.36551,0.52742,0.7066847180386444,False,True
Astro,min10_cells,ECRG4,1,0.48336,1.35437,0.5187917511852285,False,True
Astro,min10_cells,FBLN7,2,-0.30536,-0.0773,,False,True
Astro,min10_cells,IL1A,2,0.22213,-2.10884,,False,False
Astro,min10_cells,C1QL2,1,-0.39558,0.04749,0.9859721585606224,False,False
Astro,min10_cells,INHBB,1,0.07261,0.31923,0.7143190267885601,False,True
Astro,min10_cells,PROC,1,0.00542,0.29232,,False,True
Astro,min10_cells,MGAT5,36,-0.02889,-0.19759,0.7066847180386444,False,True
Astro,min10_cells,NXPH2,3,-0.36388,-0.06359,,False,True
Astro,min10_cells,LYPD6,3,-0.15285,-0.65603,0.0310629549903948,True,True
Astro,min10_cells,NMI,1,-0.05662,-0.14652,0.9184632371016972,False,True
Astro,min10_cells,TNFAIP6,2,0.23652,-1.05532,0.5079893326622972,False,False
Astro,min10_cells,PLA2R1,3,-0.14651,-0.23234,0.9191752552290622,False,True
Astro,min10_cells,FAP,3,0.27369,2.62821,4.536097525119569e-05,True,True
Astro,min10_cells,FRZB,2,-0.38934,0.32801,0.8495063235032456,False,False
Astro,min10_cells,TFPI,3,-0.20034,1.8643,0.1149633386827638,False,False
Astro,min10_cells,COL3A1,1,0.18663,-0.19069,0.9664798074560356,False,False
Astro,min10_cells,COL5A2,1,0.07507,-0.01561,0.9870342019357808,False,False
Astro,min10_cells,MSTN,4,0.29183,-0.74856,0.4055715907035597,False,False
Astro,min10_cells,TMEFF2,3,-0.14428,-0.36751,0.7993823828058372,False,True
Astro,min10_cells,NRP2,2,0.09517,0.37637,0.8085622297301501,False,True
Astro,min10_cells,ADAM23,1,0.2215,0.08506,0.9181158611086122,False,True
Astro,min10_cells,VWC2L,1,-0.17684,0.03143,0.9826481105595156,False,False
Astro,min10_cells,FN1,1,-0.37705,-1.51092,0.0712549622552988,True,True
Astro,min10_cells,IGFBP2,4,-0.74997,-0.09967,0.9665290108658796,False,True
Astro,min10_cells,IGFBP5,2,0.10425,1.58079,0.017562458325168,True,True
Astro,min10_cells,ABCB6,1,0.03375,0.23227,0.8359183281395856,False,True
Astro,min10_cells,GLB1L,2,0.14906,0.38749,0.7946817973672803,False,True
Astro,min10_cells,INHA,1,0.00602,0.04337,0.9817301070923404,False,True
Astro,min10_cells,SCG2,2,0.68381,1.01481,0.4537659007157378,False,True
Astro,min10_cells,SERPINE2,3,0.14211,-0.32249,0.3086545763311567,False,False
Astro,min10_cells,COL4A4,1,-0.27643,0.9904,,False,False
Astro,min10_cells,COL4A3,1,-0.27643,0.65626,0.5656186159970356,False,False
Astro,min10_cells,NPPC,1,-0.05761,1.41664,,False,False
Astro,min10_cells,SNORC,2,-0.12856,-0.2922,0.8112339653395315,False,True
Astro,min10_cells,COL6A3,6,0.07544,0.00598,0.9977566765189652,False,True
Astro,min10_cells,OTOS,2,0.02765,2.27294,0.0639029492505429,True,True
Astro,min10_cells,GPC1,6,-0.05919,-0.1331,0.871499516671907,False,True
Astro,min10_cells,SNED1,12,0.08938,0.51201,0.4374375891842221,False,True
Astro,min10_cells,CHL1,31,-0.0343,-0.38206,0.1263419143847716,False,True
Astro,min10_cells,CNTN4,69,-0.39694,-1.02371,0.193816953789722,False,True
Astro,min10_cells,IL17RE,2,0.315,0.97765,0.3819634236034862,False,True
Astro,min10_cells,GHRL,4,-0.38285,-0.29091,,False,True
Astro,min10_cells,TIMP4,1,-0.09392,0.24985,,False,False
Astro,min10_cells,FBLN2,6,-0.4107,0.40242,0.8378862355093042,False,False
Astro,min10_cells,WNT7A,1,0.03094,-0.33624,0.8133941864983972,False,False
Astro,min10_cells,COLQ,7,0.45217,0.0336,0.9697298703540896,False,True
Astro,min10_cells,BTD,8,0.07093,0.16962,0.7144570533413543,False,True
Astro,min10_cells,TGFBR2,2,0.48431,0.20306,0.94193020658272,False,True
Astro,min10_cells,CRTAP,1,0.18574,0.47081,0.1537889720646322,False,True
Astro,min10_cells,PDCD6IP,1,0.03543,0.02272,0.961917236786802,False,True
Astro,min10_cells,CCK,4,0.32547,1.01537,0.6587865891075945,False,True
Astro,min10_cells,GASK1A,2,0.08752,-0.39726,0.5633855584583471,False,False
Astro,min10_cells,CDCP1,2,0.03271,0.24761,,False,True
Astro,min10_cells,LTF,2,-0.31153,0.28342,,False,False
Astro,min10_cells,CSPG5,1,-0.17393,-0.92001,0.322338261138547,False,True
Astro,min10_cells,SPINK8,1,0.01792,0.17933,,False,True
Astro,min10_cells,PLXNB1,4,0.03156,0.30139,0.6108331625599407,False,True
Astro,min10_cells,COL7A1,3,-0.27763,0.8861,0.4588879274953572,False,False
Astro,min10_cells,LAMB2,1,0.09289,0.50424,0.4689284715882267,False,True
Astro,min10_cells,DAG1,1,0.05463,-0.15422,0.7693870171843106,False,False
Astro,min10_cells,MST1,1,0.01338,0.36156,0.6646036480574861,False,True
Astro,min10_cells,SEMA3F,3,0.06626,-0.20561,,False,False
Astro,min10_cells,SEMA3B,3,-0.11807,0.68679,0.2209411139774212,False,False
Astro,min10_cells,HYAL1,2,0.08848,0.56871,,False,True
Astro,min10_cells,MANF,1,0.00502,0.19498,0.8817363432816264,False,True
Astro,min10_cells,ITIH4,1,0.02696,-0.14779,0.911214556075323,False,False
Astro,min10_cells,MUSTN1,2,0.27287,0.82077,,False,True
Astro,min10_cells,IL17RB,2,0.07087,0.13019,0.8809137638546564,False,True
Astro,min10_cells,WNT5A,6,0.05469,0.37437,0.7100112528292983,False,True
Astro,min10_cells,ADAMTS9,2,0.11165,-0.48379,0.5988599625656088,False,False
Astro,min10_cells,TAFA1,53,-0.36379,-1.0304,0.0817221227349393,True,True
Astro,min10_cells,TAFA4,1,-0.21862,-0.24606,,False,True
Astro,min10_cells,PROK2,1,0.20246,0.50187,,False,True
Astro,min10_cells,EPHA3,1,-0.12684,0.71929,0.6761263044981252,False,False
Astro,min10_cells,PROS1,2,-0.05086,-0.48524,0.4622955899601602,False,True
Astro,min10_cells,COL8A1,1,0.18181,1.53375,0.0580315466784519,True,True
Astro,min10_cells,ABI3BP,1,0.66663,0.38535,0.7951202307300347,False,True
Astro,min10_cells,NXPE3,4,0.0456,0.00024,0.9999120355877152,False,True
Astro,min10_cells,ZPLD1,26,0.12097,0.41143,,False,True
Astro,min10_cells,ALCAM,33,-0.01463,-0.32592,0.6098197118979657,False,True
Astro,min10_cells,BTLA,1,0.05374,0.73658,,False,True
Astro,min10_cells,CCDC80,2,-0.04545,-0.82288,0.315784809088482,False,True
Astro,min10_cells,CD200R1,2,0.25112,0.4079,0.6975842697763196,False,True
Astro,min10_cells,B4GALT4,3,0.00116,0.0638,0.9429367051140972,False,True
Astro,min10_cells,PLA1A,2,0.04426,0.31579,,False,True
Astro,min10_cells,FSTL1,1,0.00745,-0.17385,0.7607878042913436,False,False
Astro,min10_cells,MUC13,1,-0.14152,-0.50084,,False,True
Astro,min10_cells,HEG1,1,0.07258,0.22981,0.7936778730089381,False,True
Astro,min10_cells,COL6A6,1,-0.21968,-0.58283,0.6094267187348047,False,True
Astro,min10_cells,TF,4,0.0664,-0.03105,0.9764276892575692,False,False
Astro,min10_cells,PCOLCE2,1,0.03354,-1.43523,,False,False
Astro,min10_cells,DIPK2A,1,0.10591,0.03902,0.9789888676906592,False,True
Astro,min10_cells,CPB1,5,0.40478,-0.59268,,False,False
Astro,min10_cells,CP,2,0.63278,2.20319,0.2256074226684734,False,True
Astro,min10_cells,IGSF10,2,0.23976,0.27514,0.7554388905940873,False,True
Astro,min10_cells,C3orf33,1,-0.12426,-0.06573,0.9203337439560983,False,True
Astro,min10_cells,PTX3,1,0.21687,1.03125,,False,True
Astro,min10_cells,RARRES1,2,-0.21539,-0.01215,0.9943398500814364,False,True
Astro,min10_cells,IL12A,2,-0.24299,-1.59524,0.1346278217564061,False,True
Astro,min10_cells,BCHE,2,0.11554,-0.13507,0.9498665902066892,False,False
Astro,min10_cells,SERPINI1,1,-0.10856,-0.39005,0.5356112752697912,False,True
Astro,min10_cells,TNFSF10,1,0.03161,0.98278,,False,True
Astro,min10_cells,THPO,3,-0.39098,0.94872,,False,False
Astro,min10_cells,CHRD,3,-0.39098,-0.02683,0.9872049846161696,False,True
Astro,min10_cells,ST6GAL1,29,0.03493,0.57562,0.6683769602665486,False,True
Astro,min10_cells,MASP1,2,-0.29222,-0.32613,0.5799650128412868,False,True
Astro,min10_cells,SST,1,0.01895,-1.16344,0.5854348883800716,False,False
Astro,min10_cells,IL1RAP,12,0.11843,0.13428,0.9491376445916708,False,True
Astro,min10_cells,UTS2B,7,0.08132,0.65294,,False,True
Astro,min10_cells,APOD,3,-0.20279,1.83085,0.0635662658835835,True,False
Astro,min10_cells,MUC20,3,-0.21604,0.17492,0.8647994873839624,False,False
Astro,min10_cells,TFRC,1,0.06048,0.09385,0.9700960032124916,False,True
Astro,min10_cells,FBXO45,1,-0.09746,0.17627,0.8470851650391363,False,False
Astro,min10_cells,SPON2,11,0.07183,0.50472,0.6735323409224533,False,True
Astro,min10_cells,FGFR3,2,-0.02132,-0.1964,0.768734033847461,False,True
Astro,min10_cells,C4orf48,1,0.04653,0.7238,0.4681394080410128,False,True
Astro,min10_cells,HGFAC,3,-0.09092,-0.25984,,False,True
Astro,min10_cells,CYTL1,2,-0.16168,-0.1381,,False,True
Astro,min10_cells,MAN2B2,1,0.03508,0.54112,0.3535278739883264,False,True
Astro,min10_cells,C1QTNF7,20,-0.04064,-0.587,0.4268315176427786,False,True
Astro,min10_cells,SLIT2,2,-0.28614,-1.03181,0.1417400444392951,False,True
Astro,min10_cells,SOD3,1,-0.08953,0.46565,0.7068785527008337,False,False
Astro,min10_cells,LGI2,2,0.1926,-1.02686,,False,False
Astro,min10_cells,SMIM20,1,-0.07255,-0.28457,0.6515316700555097,False,True
Astro,min10_cells,CORIN,10,-0.25519,-0.05266,0.9745088042967568,False,True
Astro,min10_cells,ERVMER34-1,1,-0.4346,-1.12297,,False,True
Astro,min10_cells,KDR,2,0.162,-0.5894,,False,False
Astro,min10_cells,NMU,1,-0.51819,-1.58017,,False,True
Astro,min10_cells,IGFBP7,1,0.06485,0.61868,0.4374375891842221,False,True
Astro,min10_cells,TMPRSS11D,1,0.22475,0.15328,0.9311590965063786,False,True
Astro,min10_cells,GC,2,-0.23777,-0.64504,,False,True
Astro,min10_cells,ADAMTS3,1,-0.04168,-0.25447,0.7993823828058372,False,True
Astro,min10_cells,ALB,1,0.11281,-0.25918,,False,False
Astro,min10_cells,CXCL5,1,0.12682,0.14316,,False,True
Astro,min10_cells,CXCL3,2,0.03697,1.36869,0.4377182342740038,False,True
Astro,min10_cells,CXCL2,2,0.08315,2.22434,0.020172284031629,True,True
Astro,min10_cells,BTC,1,0.36614,1.17295,,False,True
Astro,min10_cells,ANTXR2,1,0.12088,0.66895,0.0727965209169135,True,True
Astro,min10_cells,FGF5,1,-0.3644,-1.11771,,False,True
Astro,min10_cells,HPSE,2,-0.34245,0.29449,,False,False
Astro,min10_cells,SPARCL1,3,-0.2462,-0.12095,0.816165849778417,False,True
Astro,min10_cells,SPP1,4,0.19123,0.03519,0.9941012949119384,False,True
Astro,min10_cells,PKD2,8,0.12969,0.07681,0.8715519770621217,False,True
Astro,min10_cells,SNCA,1,0.6062,0.37793,0.711788485939219,False,True
Astro,min10_cells,MMRN1,5,-0.19804,-0.80081,,False,True
Astro,min10_cells,NPNT,1,0.08261,0.48688,0.6855773195659879,False,True
Astro,min10_cells,AIMP1,1,0.05039,0.07489,0.9229318392652788,False,True
Astro,min10_cells,DKK2,21,-0.21877,-0.06478,0.97494610149279,False,True
Astro,min10_cells,COL25A1,30,-0.05964,0.17257,0.8990645289648665,False,False
Astro,min10_cells,PLA2G12A,1,-0.06094,0.29897,0.3895822084572677,False,False
Astro,min10_cells,CFI,3,0.62001,1.81234,0.3819634236034862,False,True
Astro,min10_cells,ARSJ,1,-0.10153,-0.48839,0.2664767285358809,False,True
Astro,min10_cells,PRSS12,1,-0.14145,-0.01477,,False,True
Astro,min10_cells,NDNF,2,0.30917,0.10121,,False,True
Astro,min10_cells,FGF2,1,-0.29366,-0.35223,0.6006027483322866,False,True
Astro,min10_cells,ABHD18,1,0.11964,0.09595,0.8549536292077818,False,True
Astro,min10_cells,PGRMC2,2,0.05636,-0.12848,0.8240499659650264,False,False
Astro,min10_cells,IL15,9,0.15329,0.86509,0.28549362117688,False,True
Astro,min10_cells,FREM3,1,-0.67926,-0.65902,,False,True
Astro,min10_cells,HHIP,2,-0.31476,0.1881,0.8536898977040497,False,False
Astro,min10_cells,PRSS48,1,0.05157,1.04764,,False,True
Astro,min10_cells,SFRP2,3,0.21081,-0.02501,0.9935292740770264,False,False
Astro,min10_cells,PDGFC,2,0.09109,-0.23474,0.7412813558235247,False,False
Astro,min10_cells,FSTL5,1,-0.14296,-0.69115,0.5156337031339784,False,True
Astro,min10_cells,CPE,1,0.17732,0.02449,0.974566580953628,False,True
Astro,min10_cells,TLL1,1,0.11065,-0.02286,0.9944469451433948,False,False
Astro,min10_cells,SPOCK3,24,-0.33459,-0.14718,0.9093225370558834,False,True
Astro,min10_cells,HMGB2,1,-0.01313,0.33229,0.7404463507414049,False,False
Astro,min10_cells,SCRG1,1,-0.00255,0.26889,0.8230673991486719,False,False
Astro,min10_cells,VEGFC,1,-0.05541,-0.54057,0.6313319465415158,False,True
Astro,min10_cells,SNX25,3,0.28936,0.26118,0.5744372781136358,False,True
Astro,min10_cells,KLKB1,1,-0.10296,0.10221,0.9378326378081088,False,False
Astro,min10_cells,EXOC3-AS1,2,-0.18124,0.17798,0.9382637485700968,False,False
Astro,min10_cells,ADAMTS16,2,0.02195,-0.09416,0.9483945218201126,False,False
Astro,min10_cells,NSUN2,1,0.04971,-0.29752,0.5360608173476925,False,False
Astro,min10_cells,PDZD2,1,-0.10735,-0.15098,0.9300521005275912,False,True
Astro,min10_cells,ADAMTS12,2,0.02722,0.52383,0.8831341672644708,False,True
Astro,min10_cells,C1QTNF3,2,-0.22166,-0.1366,0.8779334769830686,False,True
Astro,min10_cells,PRLR,28,0.2572,0.46101,0.8707207505642711,False,True
Astro,min10_cells,IL7R,2,-0.24125,-0.04933,,False,True
Astro,min10_cells,EGFLAM,25,-0.21748,-0.51171,,False,True
Astro,min10_cells,LIFR,11,-0.02919,-0.10704,0.8438534831682972,False,True
Astro,min10_cells,C6,2,0.56189,0.98708,,False,True
Astro,min10_cells,GHR,16,0.13515,0.11564,0.9357500182313728,False,True
Astro,min10_cells,SELENOP,5,0.24753,0.1296,0.905612931051024,False,True
Astro,min10_cells,CCL28,3,0.68092,1.39211,,False,True
Astro,min10_cells,FGF10,1,-0.20151,0.01467,,False,False
Astro,min10_cells,IL6ST,5,-0.00931,-0.18416,0.7593436923729011,False,True
Astro,min10_cells,ADAMTS6,2,0.09016,-0.84193,0.4268987202504926,False,False
Astro,min10_cells,CARTPT,1,-0.29868,-0.26055,0.926979522435738,False,True
Astro,min10_cells,CRHBP,2,0.09358,-0.93961,,False,False
Astro,min10_cells,AGGF1,1,-0.10291,-0.09351,0.8395773037267439,False,True
Astro,min10_cells,ZBED3,1,0.1688,-0.05019,0.9687236666859526,False,False
Astro,min10_cells,THBS4,2,0.19709,0.00836,0.9939753226919472,False,True
Astro,min10_cells,VCAN,2,0.09478,0.49552,0.466652268193918,False,True
Astro,min10_cells,HAPLN1,5,-0.07999,-1.2726,0.3846062852256752,False,True
Astro,min10_cells,EDIL3,2,-0.16401,0.14005,0.9329458566397916,False,False
Astro,min10_cells,ARSK,1,0.02008,-0.02045,0.9848904178919454,False,False
Astro,min10_cells,PCSK1,2,-0.25474,-0.09756,0.9714820249111336,False,True
Astro,min10_cells,ERAP1,2,-0.04216,-0.15708,0.8032333788386723,False,True
Astro,min10_cells,ERAP2,3,0.04492,0.24135,0.7944792209423281,False,True
Astro,min10_cells,LNPEP,2,0.11019,-0.06301,0.9094079147924468,False,False
Astro,min10_cells,ST8SIA4,2,0.04798,0.08247,0.9764276892575692,False,True
Astro,min10_cells,PAM,2,0.23632,0.2223,0.7772022611064385,False,True
Astro,min10_cells,TSLP,2,-0.30084,0.89229,,False,False
Astro,min10_cells,LOX,1,0.00066,0.20184,,False,True
Astro,min10_cells,FBN2,11,-0.25977,-0.83988,,False,True
Astro,min10_cells,ADAMTS19,2,-0.38028,-2.97952,0.0382205732062726,True,True
Astro,min10_cells,GDF9,1,-0.03333,-0.31419,0.905612931051024,False,True
Astro,min10_cells,LEAP2,1,-0.45804,0.31014,,False,False
Astro,min10_cells,FSTL4,1,-0.34619,-0.32594,0.8423944950280735,False,True
Astro,min10_cells,CXCL14,1,-0.37676,-0.76725,0.1371887074670807,False,True
Astro,min10_cells,TGFBI,7,0.00709,1.12333,,False,True
Astro,min10_cells,SPOCK1,66,0.05257,-0.15001,0.8423944950280735,False,False
Astro,min10_cells,MZB1,1,-0.38406,-1.11675,,False,True
Astro,min10_cells,NRG2,33,-0.0039,-0.1415,0.8064556270471452,False,True
Astro,min10_cells,HBEGF,1,0.0973,0.20336,0.9318582489089576,False,True
Astro,min10_cells,CD14,2,-0.09318,-0.54163,0.8879121336987986,False,True
Astro,min10_cells,PCDHA1,1,0.43165,0.51708,,False,True
Astro,min10_cells,PCDHA6,1,0.10742,0.61993,,False,True
Astro,min10_cells,PCDHA10,1,0.21237,0.16473,0.8104163010671263,False,True
Astro,min10_cells,PCDH12,2,-0.36707,0.42753,,False,False
Astro,min10_cells,NDFIP1,2,0.05952,0.09642,0.7944792209423281,False,True
Astro,min10_cells,FGF1,19,-0.07016,0.18951,0.7444697629542228,False,False
Astro,min10_cells,SPINK9,2,0.05899,-0.76093,0.5636436435516762,False,False
Astro,min10_cells,PCYOX1L,2,-0.01768,0.09492,0.9554927809755464,False,False
Astro,min10_cells,ARSI,13,-0.02523,0.61343,,False,False
Astro,min10_cells,CD74,3,0.20731,1.86093,0.2253057744894146,False,True
Astro,min10_cells,GPX3,2,0.12316,1.7736,0.2302981969089375,False,True
Astro,min10_cells,SPARC,2,0.25248,0.79365,0.4721249043868883,False,True
Astro,min10_cells,TIMD4,5,-0.09138,-0.47838,,False,True
Astro,min10_cells,C1QTNF2,1,0.15841,-0.25818,,False,False
Astro,min10_cells,SLIT3,92,-0.16127,-0.79553,0.3235749215249786,False,True
Astro,min10_cells,STC2,3,0.29675,1.33436,,False,True
Astro,min10_cells,FGFR4,2,0.30344,0.31811,,False,True
Astro,min10_cells,ADAMTS2,1,-0.29938,-0.38376,,False,True
Astro,min10_cells,SERPINB1,1,0.01939,0.13545,0.9518398196395412,False,True
Astro,min10_cells,F13A1,1,-0.54966,0.38595,0.869716989628429,False,False
Astro,min10_cells,LY86,2,-0.59908,-0.24322,0.9338485043021648,False,True
Astro,min10_cells,BMP6,2,-0.24724,0.98312,0.6046598241863457,False,False
Astro,min10_cells,EDN1,3,-0.00826,-0.26376,,False,True
Astro,min10_cells,GFOD1,24,-0.02701,-0.18138,0.8312363252192182,False,True
Astro,min10_cells,KIAA0319,18,-0.00182,-0.09547,0.9368362079168324,False,True
Astro,min10_cells,SCGN,1,0.07391,1.45256,,False,True
Astro,min10_cells,GABBR1,2,0.24926,-0.25015,0.6608827684861109,False,False
Astro,min10_cells,HLA-E,2,-0.07723,0.89394,0.4247870335749694,False,False
Astro,min10_cells,DDR1,4,0.12585,0.48783,0.4003039564527837,False,True
Astro,min10_cells,HCG22,1,0.10288,-0.15704,0.958871958255389,False,False
Astro,min10_cells,BAG6,1,-0.00115,0.07759,0.9455442391287376,False,False
Astro,min10_cells,APOM,1,-0.00115,0.48348,,False,False
Astro,min10_cells,LY6G5C,1,0.02912,1.11332,,False,True
Astro,min10_cells,HSPA1A,1,0.0387,0.86309,0.479930867039211,False,True
Astro,min10_cells,C2,8,0.04343,0.18547,0.8848514546589075,False,True
Astro,min10_cells,C4A,1,0.33999,0.86368,,False,True
Astro,min10_cells,C4B,1,0.89781,0.52183,,False,True
Astro,min10_cells,TNXB,11,0.05881,0.30974,0.7693870171843106,False,True
Astro,min10_cells,EGFL8,1,0.2048,0.16684,0.903310778867776,False,True
Astro,min10_cells,COL11A2,3,0.01905,0.69055,,False,True
Astro,min10_cells,CUTA,2,0.02476,0.45374,0.7401304987628959,False,True
Astro,min10_cells,SCUBE3,1,-0.34863,-0.09341,0.9604162468197966,False,True
Astro,min10_cells,PI16,5,0.39317,0.96601,0.5291120793716095,False,True
Astro,min10_cells,TREM2,3,-0.14703,2.25176,,False,False
Astro,min10_cells,PTK7,1,-0.08879,-0.0124,0.9919103414972535,False,True
Astro,min10_cells,VEGFA,1,0.14796,-0.21375,0.9153606796037432,False,False
Astro,min10_cells,HSP90AB1,1,0.01723,0.06609,0.97047904961412,False,True
Astro,min10_cells,ENPP5,2,-0.002,0.63618,0.4319586701182075,False,False
Astro,min10_cells,PLA2G7,2,-0.22642,-1.31547,,False,True
Astro,min10_cells,COL21A1,15,0.50125,1.90974,0.0052557361621232,True,True
Astro,min10_cells,EYS,16,-0.06835,0.43704,0.5651220126959668,False,False
Astro,min10_cells,COL19A1,3,-0.21073,-0.33192,0.8280172953711459,False,True
Astro,min10_cells,COL9A1,5,-0.25958,-0.40481,0.7554388905940873,False,True
Astro,min10_cells,COL12A1,5,0.09175,1.45394,0.0137724221750435,True,True
Astro,min10_cells,PRSS35,1,0.1127,-0.3768,0.7090659449288127,False,False
Astro,min10_cells,CD164,2,-0.00271,0.19377,0.7614922678377276,False,False
Astro,min10_cells,METTL24,1,-0.01642,0.105,0.9208008260754906,False,False
Astro,min10_cells,LAMA4,2,0.15837,0.69672,0.3867333109327999,False,True
Astro,min10_cells,SMPDL3A,1,0.07322,-0.45006,0.5917798101043095,False,False
Astro,min10_cells,RSPO3,1,-0.32939,0.398,0.7946817973672803,False,False
Astro,min10_cells,LAMA2,1,0.15624,0.6429,0.7872643998390298,False,True
Astro,min10_cells,ENPP3,2,0.05469,-0.95898,0.1710659311627226,False,False
Astro,min10_cells,ENPP1,1,0.21336,0.2198,0.884193022771775,False,True
Astro,min10_cells,CCN2,1,-0.00683,2.30648,0.0131726309425971,True,False
Astro,min10_cells,FUCA2,1,0.21984,0.03863,0.9731099447111552,False,True
Astro,min10_cells,RAET1E,3,0.11522,0.61547,,False,True
Astro,min10_cells,ULBP2,2,-0.03838,0.63592,,False,False
Astro,min10_cells,VIP,2,-0.45477,-1.67162,,False,True
Astro,min10_cells,FNDC1,1,-0.14399,-0.73093,0.6833780275927444,False,True
Astro,min10_cells,LPA,2,0.39997,0.03779,,False,True
Astro,min10_cells,RNASET2,1,0.1916,0.23882,0.7944792209423281,False,True
Astro,min10_cells,SMOC2,35,-0.2074,0.75843,,False,False
Astro,min10_cells,THBS2,2,-0.00341,0.43947,0.6870038610131505,False,False
Astro,min10_cells,C6orf120,2,0.01796,-0.05948,0.9656112020841195,False,False
Astro,min10_cells,FAM20C,1,0.0253,0.23102,0.9151694822615704,False,True
Astro,min10_cells,PDGFA,2,0.03001,0.27791,0.7872643998390298,False,True
Astro,min10_cells,NXPH1,48,0.0133,0.33103,0.8673117086961041,False,True
Astro,min10_cells,THSD7A,1,0.10336,-0.04586,0.9604162468197966,False,False
Astro,min10_cells,VWDE,1,-0.02689,-0.52894,,False,True
Astro,min10_cells,SOSTDC1,14,-0.0061,0.64376,,False,False
Astro,min10_cells,CCDC126,1,-0.00748,-0.04579,0.945968829396067,False,True
Astro,min10_cells,NPY,3,-0.24929,-0.67975,0.7951202307300347,False,True
Astro,min10_cells,HNRNPA2B1,1,0.22196,0.13773,0.7180577273969804,False,True
Astro,min10_cells,BMPER,1,0.05142,-0.34529,0.7499830234082188,False,False
Astro,min10_cells,AOAH,2,-0.13557,0.39097,0.8218970111246454,False,False
Astro,min10_cells,EPDR1,27,-0.00813,0.27223,0.5334867796502127,False,False
Astro,min10_cells,SFRP4,1,0.18257,0.55299,0.4268315176427786,False,True
Astro,min10_cells,INHBA,3,0.02726,0.50141,,False,True
Astro,min10_cells,AEBP1,6,0.28911,1.27213,0.2470226483797035,False,True
Astro,min10_cells,PPIA,1,0.05502,0.10765,0.9454549779705584,False,True
Astro,min10_cells,IGFBP3,3,-0.15543,0.88747,,False,False
Astro,min10_cells,VWC2,1,-0.11212,-0.42953,0.7755770008762154,False,True
Astro,min10_cells,ZPBP,1,-0.09149,0.38951,,False,False
Astro,min10_cells,VSTM2A,2,-0.18534,-0.59984,,False,True
Astro,min10_cells,EGFR,44,0.10996,-0.1799,0.7576576339696994,False,False
Astro,min10_cells,STX1A,4,-0.01332,-0.03502,0.9883426883755206,False,True
Astro,min10_cells,ELN,1,-0.01526,0.31708,0.7993823828058372,False,False
Astro,min10_cells,SSC4D,2,-0.32181,1.12208,,False,False
Astro,min10_cells,ZP3,10,-0.11409,0.16227,,False,False
Astro,min10_cells,FGL2,2,-0.00226,0.71317,0.6917606222134953,False,False
Astro,min10_cells,SEMA3C,2,0.43451,0.3128,0.7822125438984271,False,True
Astro,min10_cells,HGF,1,0.17793,-0.23528,0.9203337439560983,False,False
Astro,min10_cells,SEMA3E,1,-0.14482,0.06902,0.97494610149279,False,False
Astro,min10_cells,SEMA3A,2,0.24789,-0.22099,0.8066262281091607,False,False
Astro,min10_cells,SEMA3D,7,0.55489,1.80478,0.0131726309425971,True,True
Astro,min10_cells,TFPI2,1,-0.30453,1.25371,,False,False
Astro,min10_cells,COL1A2,1,-0.10681,1.32248,0.2651149919743504,False,False
Astro,min10_cells,PON1,1,-0.11358,-0.27038,0.7918536705915252,False,True
Astro,min10_cells,PON3,1,-0.25266,-0.48536,0.4100552109518207,False,True
Astro,min10_cells,PON2,1,0.05021,-0.08804,0.791473858289958,False,False
Astro,min10_cells,TAC1,2,-0.56686,-0.57506,0.7925171378851372,False,True
Astro,min10_cells,NPTX2,1,-0.16546,0.73574,0.6763307400943175,False,False
Astro,min10_cells,AZGP1,1,0.38303,2.24889,,False,True
Astro,min10_cells,CNPY4,1,0.0098,0.60871,0.5036816205168633,False,True
Astro,min10_cells,GPC2,2,0.23851,0.51272,,False,True
Astro,min10_cells,PILRA,2,-0.59574,0.3632,0.6603693126268912,False,False
Astro,min10_cells,PCOLCE,1,-0.14375,0.68279,0.5814476808209116,False,False
Astro,min10_cells,ACHE,1,0.00186,0.54925,,False,True
Astro,min10_cells,SERPINE1,1,-0.13118,1.88503,0.645419510098373,False,False
Astro,min10_cells,VGF,3,-0.08894,-0.41194,0.8724921838620232,False,True
Astro,min10_cells,PLOD3,1,0.01554,0.6777,0.473141055408852,False,True
Astro,min10_cells,COL26A1,1,0.04047,-1.27546,0.0634166970695345,True,False
Astro,min10_cells,LRRC17,2,0.19325,-0.05584,0.958871958255389,False,False
Astro,min10_cells,RELN,1,-0.20383,0.34058,0.816165849778417,False,False
Astro,min10_cells,NAMPT,1,0.00317,0.87721,0.5343481719978711,False,True
Astro,min10_cells,LAMB1,1,-0.48869,-0.05338,0.980224463165366,False,True
Astro,min10_cells,NRCAM,51,0.08858,-0.04863,0.9454186372311978,False,False
Astro,min10_cells,MDFIC,1,-0.0224,0.10551,0.9152190221813188,False,False
Astro,min10_cells,MET,9,0.1809,-0.61446,0.6518755078434995,False,False
Astro,min10_cells,WNT2,1,-0.16822,-0.7003,,False,True
Astro,min10_cells,WNT16,1,0.24159,2.50139,,False,True
Astro,min10_cells,FAM3C,2,0.19189,-0.15326,0.816165849778417,False,False
Astro,min10_cells,PTPRZ1,1,-0.02234,-0.32071,0.2764713134776292,False,True
Astro,min10_cells,HILPDA,2,0.09396,0.74842,0.7664033486564636,False,True
Astro,min10_cells,CALU,1,-0.21452,-0.42532,0.1346278217564061,False,True
Astro,min10_cells,KCP,2,-0.34556,0.08506,,False,False
Astro,min10_cells,FAM180A,1,-0.24263,0.94427,,False,False
Astro,min10_cells,PTN,1,-0.18679,-0.57467,0.2669428123965809,False,True
Astro,min10_cells,EPHB6,1,0.33027,0.5259,0.7224735267656369,False,True
Astro,min10_cells,RARRES2,1,-0.02405,0.97216,0.4782350624393532,False,False
Astro,min10_cells,AOC1,5,0.21032,0.25032,,False,True
Astro,min10_cells,ANGPT2,1,-0.14846,0.07308,0.9376919534599868,False,False
Astro,min10_cells,PRSS51,5,-0.28875,-0.12588,0.9200436935966582,False,True
Astro,min10_cells,CTSB,1,-0.04812,0.35763,0.6725553173186888,False,False
Astro,min10_cells,FGF20,1,-0.17293,1.78893,,False,False
Astro,min10_cells,PDGFRL,2,0.13559,-0.33804,0.8610905638751792,False,False
Astro,min10_cells,FGL1,7,-0.27415,0.31216,0.7724283975305838,False,False
Astro,min10_cells,ASAH1,2,0.1067,0.22635,0.6694967900480023,False,True
Astro,min10_cells,LPL,1,-0.5168,0.36199,0.8281257084768338,False,False
Astro,min10_cells,LGI3,2,0.07319,-0.12315,,False,False
Astro,min10_cells,BMP1,1,0.04344,0.07228,0.9580456744843012,False,True
Astro,min10_cells,PEBP4,1,-0.08609,-0.24367,0.8052307329503304,False,True
Astro,min10_cells,LOXL2,1,0.06227,0.58102,0.7213650366698224,False,True
Astro,min10_cells,ADAM28,2,-0.09855,0.2489,0.9203337439560983,False,False
Astro,min10_cells,CLU,2,0.01474,0.29942,0.7614922678377276,False,True
Astro,min10_cells,PNOC,7,-0.13035,-0.83764,,False,True
Astro,min10_cells,NRG1,89,0.0347,-1.18427,0.1873895670618255,False,False
Astro,min10_cells,HTRA4,2,0.05218,0.16553,,False,True
Astro,min10_cells,ADAM9,1,0.12845,-0.13638,0.8598214813951771,False,False
Astro,min10_cells,SFRP1,1,-0.69939,-0.30116,,False,True
Astro,min10_cells,PLAT,3,0.11464,-0.29202,,False,False
Astro,min10_cells,PXDNL,2,-0.22608,-0.08793,0.9328011612611988,False,True
Astro,min10_cells,SDCBP,2,0.11089,0.01512,0.9896588118329523,False,True
Astro,min10_cells,GGH,1,-0.0311,0.21594,0.7822125438984271,False,False
Astro,min10_cells,CRH,2,-0.17917,-0.02191,,False,True
Astro,min10_cells,CPA6,3,-0.17089,0.36825,0.8656188164101304,False,False
Astro,min10_cells,SULF1,6,0.02461,-0.80959,0.7836560227973922,False,False
Astro,min10_cells,SBSPON,1,0.14118,0.87857,,False,True
Astro,min10_cells,LY96,1,-0.14104,0.42826,,False,False
Astro,min10_cells,PI15,1,0.73721,-0.7507,0.3839440773278011,False,False
Astro,min10_cells,CRISPLD1,2,0.05829,-0.66248,0.7890557640848842,False,False
Astro,min10_cells,IL7,2,0.21683,0.33256,0.5476388008919193,False,True
Astro,min10_cells,FABP5,1,-0.21909,0.45315,0.7048406003158117,False,False
Astro,min10_cells,MMP16,1,-0.11109,-0.30102,0.6631823338727302,False,True
Astro,min10_cells,CPQ,1,0.08059,0.07136,0.932221071178894,False,True
Astro,min10_cells,MATN2,6,0.21652,0.73371,0.5940604181014665,False,True
Astro,min10_cells,CTHRC1,2,-0.29744,-0.29932,0.8965825701975267,False,True
Astro,min10_cells,RSPO2,2,0.15607,0.47582,0.8707207505642711,False,True
Astro,min10_cells,TNFRSF11B,1,0.18721,0.41634,0.8209984285697908,False,True
Astro,min10_cells,CCN3,1,0.24669,-0.08381,0.9806877118762806,False,False
Astro,min10_cells,ENPP2,21,0.01042,0.24576,0.8337608284757023,False,True
Astro,min10_cells,COL14A1,14,0.03006,0.29547,,False,True
Astro,min10_cells,TG,31,-0.07672,-0.99457,0.3322253789990799,False,True
Astro,min10_cells,CCN4,1,0.11183,-0.48386,0.7048406003158117,False,False
Astro,min10_cells,ST3GAL1,1,-0.0081,-0.4251,0.2902000209917524,False,True
Astro,min10_cells,COL22A1,8,0.06587,-0.46565,,False,False
Astro,min10_cells,ADGRB1,9,-0.4317,-0.69048,0.5541775911731015,False,True
Astro,min10_cells,LY6K,1,0.20568,-0.06266,,False,False
Astro,min10_cells,THEM6,1,-0.02236,0.48159,0.6514601718557442,False,False
Astro,min10_cells,GSDMD,2,-0.01042,0.28245,0.8135246068004522,False,False
Astro,min10_cells,INSL6,1,-0.58535,0.21435,,False,False
Astro,min10_cells,CD274,2,0.30363,0.47778,,False,True
Astro,min10_cells,PDCD1LG2,4,-0.06751,0.22945,0.84150639421236,False,False
Astro,min10_cells,IL33,9,0.04521,-0.25509,0.7471013261389232,False,False
Astro,min10_cells,FREM1,16,-0.11743,0.16561,0.8756910444527978,False,False
Astro,min10_cells,ADAMTSL1,46,0.16745,-0.13563,0.9255855307782568,False,False
Astro,min10_cells,TEK,1,-0.06296,0.45471,,False,False
Astro,min10_cells,C9orf72,1,0.31127,0.75657,0.2570987410005799,False,True
Astro,min10_cells,B4GALT1,1,-0.06914,-0.12565,0.931695511590854,False,True
Astro,min10_cells,PRSS3,12,-0.35961,0.13065,0.95636827092114,False,False
Astro,min10_cells,ENHO,1,0.05868,-0.13085,0.9057702620450933,False,False
Astro,min10_cells,IL11RA,2,-0.16101,-0.16572,0.8656188164101304,False,True
Astro,min10_cells,CCL27,1,-0.14337,-0.01261,,False,True
Astro,min10_cells,IGFBPL1,1,-0.12964,-1.5293,,False,True
Astro,min10_cells,MAMDC2,1,-0.02132,0.52108,0.5959614056764523,False,False
Astro,min10_cells,ANXA1,5,0.65424,2.57404,0.0131726309425971,True,True
Astro,min10_cells,PCSK5,1,0.12357,-0.2219,0.6735323409224533,False,False
Astro,min10_cells,CTSL,1,0.09196,0.19948,0.8631070012112839,False,True
Astro,min10_cells,OGN,1,0.34453,0.98814,0.4536076467237202,False,True
Astro,min10_cells,ASPN,2,-0.01984,0.97691,0.363842575419975,False,False
Astro,min10_cells,ECM2,4,0.39434,1.77867,0.0127837065594358,True,True
Astro,min10_cells,NINJ1,3,0.13008,0.69738,0.4831607423374497,False,True
Astro,min10_cells,COL15A1,1,-0.58691,0.34525,0.8879121336987986,False,False
Astro,min10_cells,TXN,1,0.06157,0.41024,0.5735965197217278,False,True
Astro,min10_cells,SVEP1,1,-0.2454,0.73641,0.3609839965501878,False,False
Astro,min10_cells,COL27A1,2,-0.14446,0.22975,0.8203548474611696,False,False
Astro,min10_cells,TNC,6,0.40959,1.35422,0.0052557361621232,True,True
Astro,min10_cells,PAPPA,2,0.30073,0.3395,0.6503157854896995,False,True
Astro,min10_cells,GSN,31,0.20943,0.46142,0.4374375891842221,False,True
Astro,min10_cells,CRB2,5,0.12697,0.93531,0.0403754466290533,True,True
Astro,min10_cells,OLFML2A,9,0.12058,0.66367,,False,True
Astro,min10_cells,ANGPTL2,1,0.10114,-0.06035,0.9742618680959944,False,False
Astro,min10_cells,TOR2A,1,0.18627,0.10297,,False,True
Astro,min10_cells,HMCN2,9,-0.64106,-2.63012,4.536097525119569e-05,True,True
Astro,min10_cells,LAMC3,1,-0.02933,-0.12572,0.9745088042967568,False,True
Astro,min10_cells,CEL,3,0.16431,0.27549,,False,True
Astro,min10_cells,ABO,4,0.01079,0.34775,,False,True
Astro,min10_cells,ADAMTS13,5,-0.36025,0.15933,0.8662091432581804,False,False
Astro,min10_cells,ADAMTSL2,2,-0.31226,-0.43293,0.7872643998390298,False,True
Astro,min10_cells,COL5A1,1,0.12038,1.06166,0.4408006270386927,False,True
Astro,min10_cells,OLFM1,4,-0.40919,-0.44322,0.6724174996676907,False,True
Astro,min10_cells,QSOX2,2,-0.11022,-0.48102,0.3224844638739527,False,True
Astro,min10_cells,EGFL7,2,-0.16194,0.42044,,False,False
Astro,min10_cells,C8G,1,-0.10209,0.98838,,False,False
Astro,min10_cells,LCN12,2,0.06657,-0.10734,0.9390225690342234,False,False
Astro,min10_cells,PTGDS,2,0.24365,0.58238,0.4374375891842221,False,True
Astro,min10_cells,DPP7,2,0.15326,0.50143,0.6082520897916895,False,True
Astro,min10_cells,IL15RA,1,0.04354,0.60657,,False,True
Astro,min10_cells,ITIH5,9,0.18213,0.92878,0.4369767930566132,False,True
Astro,min10_cells,CELF2-AS1,2,-0.00863,-0.66351,,False,True
Astro,min10_cells,CCDC3,19,0.11381,0.56776,0.1109411673595155,False,True
Astro,min10_cells,CDNF,2,0.17127,0.26453,0.7918536705915252,False,True
Astro,min10_cells,C1QL3,1,-0.21343,0.2889,0.9044420976053924,False,False
Astro,min10_cells,NRP1,1,-0.28732,-0.62769,0.4945808113541375,False,True
Astro,min10_cells,CXCL12,2,-0.06102,0.46994,0.6761263044981252,False,False
Astro,min10_cells,GDF10,2,-0.40373,0.34734,0.7462716469324856,False,False
Astro,min10_cells,VSTM4,2,0.00179,0.08551,0.9328964017331444,False,True
Astro,min10_cells,ASAH2,2,-0.20731,0.3754,,False,False
Astro,min10_cells,DKK1,1,0.35382,-0.49502,,False,False
Astro,min10_cells,PCDH15,3,-0.04297,-0.16009,0.8951195403946913,False,True
Astro,min10_cells,SRGN,3,0.02188,1.14321,0.6473657477159148,False,True
Astro,min10_cells,NODAL,1,-0.06038,-0.20647,,False,True
Astro,min10_cells,ADAMTS14,3,-0.20518,0.27818,,False,False
Astro,min10_cells,PSAP,2,0.2294,0.2276,0.7664033486564636,False,True
Astro,min10_cells,SPOCK2,2,0.05209,0.01728,0.9845826410094785,False,True
Astro,min10_cells,PLAU,1,-0.33204,0.43144,,False,False
Astro,min10_cells,SFTPD,1,0.35547,0.97389,0.212797659779277,False,True
Astro,min10_cells,PLAC9,3,-0.30857,-0.03844,0.9826644668380048,False,True
Astro,min10_cells,PRXL2A,6,-0.0146,-0.34124,0.4075065644513305,False,True
Astro,min10_cells,NRG3,169,0.10354,-0.12561,0.8000380495442307,False,False
Astro,min10_cells,MMRN2,2,0.20476,-0.15989,0.9328964017331444,False,False
Astro,min10_cells,MINPP1,2,-0.09366,0.01049,0.9943398500814364,False,False
Astro,min10_cells,PTEN,1,0.00243,-0.21155,0.5917798101043095,False,False
Astro,min10_cells,RNLS,1,0.25004,0.36584,0.3809928515218687,False,True
Astro,min10_cells,FAS,1,-0.00025,0.2237,0.9012572146942724,False,False
Astro,min10_cells,FGFBP3,1,-0.01324,0.09668,,False,False
Astro,min10_cells,IDE,10,0.24549,-0.02076,0.9834056678887528,False,False
Astro,min10_cells,RBP4,2,-0.54773,0.47288,,False,False
Astro,min10_cells,LGI1,2,0.26197,0.08879,0.9200436935966582,False,True
Astro,min10_cells,TLL2,1,-0.08936,0.92624,,False,False
Astro,min10_cells,SLIT1,2,-0.4649,-0.75398,0.1686629216157724,False,True
Astro,min10_cells,CRTAC1,3,-0.11457,0.53173,,False,False
Astro,min10_cells,LOXL4,2,-0.04991,-0.5597,0.6698071037527966,False,True
Astro,min10_cells,HPSE2,35,0.24762,0.33624,0.8610905638751792,False,True
Astro,min10_cells,WNT8B,1,-0.09448,-0.99491,,False,True
Astro,min10_cells,KAZALD1,2,0.06383,-0.81982,,False,False
Astro,min10_cells,CASP7,7,-0.05286,-0.4927,0.5484972162250397,False,True
Astro,min10_cells,FGFR2,18,0.0836,-0.39062,0.4377182342740038,False,False
Astro,min10_cells,HTRA1,3,0.05358,-0.56223,0.1476522739080764,False,False
Astro,min10_cells,FAM24B,1,0.20897,-0.44216,0.6670094911514924,False,False
Astro,min10_cells,CPXM2,2,0.16803,0.45585,0.8391109959179814,False,True
Astro,min10_cells,MMP21,2,0.20156,0.19698,0.8990645289648665,False,True
Astro,min10_cells,ADAM12,2,0.09671,0.28468,0.8632433918018133,False,True
Astro,min10_cells,DEAF1,2,0.07294,0.31858,0.6112102489288257,False,True
Astro,min10_cells,GATD1,1,-0.00537,0.36006,0.6515316700555097,False,False
Astro,min10_cells,CHID1,3,0.08156,0.23385,0.8135246068004522,False,True
Astro,min10_cells,CTSD,1,0.0922,0.94543,0.1420558355685256,False,True
Astro,min10_cells,MMP26,3,-0.32191,-0.55467,,False,True
Astro,min10_cells,SMPD1,1,0.07045,-0.32285,0.7704375483366472,False,False
Astro,min10_cells,HPX,2,-0.3842,-0.46096,,False,True
Astro,min10_cells,OLFML1,3,0.106,-0.46589,0.7805819106635913,False,False
Astro,min10_cells,TUB,22,0.07185,-0.07379,0.922806533182124,False,False
Astro,min10_cells,SCUBE2,1,-0.08168,-0.00111,0.9998561851907812,False,True
Astro,min10_cells,ADM,5,0.3246,1.78266,0.170144465799324,False,True
Astro,min10_cells,MTRNR2L8,1,0.21367,-0.42274,0.8877822752752048,False,False
Astro,min10_cells,DKK3,2,-0.08085,0.27898,0.5051498480615478,False,False
Astro,min10_cells,SPON1,1,-0.05412,-0.13774,0.8776582804681817,False,True
Astro,min10_cells,CALCB,6,-0.10058,-0.24287,0.8402623108035454,False,True
Astro,min10_cells,NUCB2,1,0.15417,0.13641,0.7178267039606125,False,True
Astro,min10_cells,OTOG,1,-0.14842,-0.85225,0.2734371431464069,False,True
Astro,min10_cells,SAA2,1,0.21038,0.14066,,False,True
Astro,min10_cells,NELL1,2,-0.23978,-0.91624,0.2434141568344225,False,True
Astro,min10_cells,LUZP2,27,-0.12299,-0.392,0.8403581810069921,False,True
Astro,min10_cells,FIBIN,3,-0.00892,0.12184,0.9207452404777275,False,False
Astro,min10_cells,BDNF,15,-0.03452,0.46469,0.7793517059880665,False,False
Astro,min10_cells,CD59,5,0.11424,0.27089,0.6641114877086711,False,True
Astro,min10_cells,CD44,13,0.23648,0.97764,0.6582598714431982,False,True
Astro,min10_cells,PAMR1,12,-0.06328,-0.26409,0.6247943645672922,False,True
Astro,min10_cells,FJX1,2,-0.02298,-0.33009,0.7091270820503325,False,True
Astro,min10_cells,EXT2,2,0.049,-0.06402,0.907218832548124,False,False
Astro,min10_cells,MDK,1,-0.22647,0.4633,0.8393310457441086,False,False
Astro,min10_cells,C1QTNF4,3,-0.46169,-0.34955,0.8272424734443267,False,True
Astro,min10_cells,PTPRJ,1,-0.06513,-0.24514,0.8100103266630349,False,True
Astro,min10_cells,SERPING1,1,-0.35555,-0.03017,0.9919103414972535,False,True
Astro,min10_cells,MS4A13,1,0.02115,-0.40116,,False,False
Astro,min10_cells,CD6,2,-0.41771,0.9903,,False,False
Astro,min10_cells,VWCE,6,0.17302,0.7509,0.4875237433053936,False,True
Astro,min10_cells,SCGB1D2,1,0.79447,2.01461,,False,True
Astro,min10_cells,FLRT1,2,0.47364,-0.22507,0.9044420976053924,False,False
Astro,min10_cells,VEGFB,2,-0.07843,0.25627,0.7929569051456616,False,False
Astro,min10_cells,LTBP3,4,0.08655,0.21595,0.7066847180386444,False,True
Astro,min10_cells,EFEMP2,1,-0.19501,0.25895,0.7042431709010908,False,False
Astro,min10_cells,CLCF1,1,0.48588,0.62161,,False,True
Astro,min10_cells,DEFB131B,1,-0.10087,0.76911,,False,False
Astro,min10_cells,IL18BP,2,-0.32385,-0.06784,,False,True
Astro,min10_cells,FOLR2,2,0.44442,0.0034,,False,True
Astro,min10_cells,CHRDL2,1,-0.08059,-0.95761,,False,True
Astro,min10_cells,TSKU,3,-0.37595,0.49692,,False,False
Astro,min10_cells,PRSS23,1,0.28813,-0.00068,0.9999120355877152,False,False
Astro,min10_cells,ENDOD1,1,0.21879,0.56687,0.2576761410172399,False,True
Astro,min10_cells,ANGPTL5,1,0.05533,0.70446,,False,True
Astro,min10_cells,PDGFD,1,-0.10267,-0.64897,0.6608827684861109,False,True
Astro,min10_cells,CASP4,3,-0.14904,-0.49674,0.8359183281395856,False,True
Astro,min10_cells,CRYAB,5,0.29818,0.78268,0.2651149919743504,False,True
Astro,min10_cells,IL18,1,-0.07271,0.42878,0.8505779712302439,False,False
Astro,min10_cells,NCAM1,1,-0.06899,-0.00507,0.9951631473301742,False,True
Astro,min10_cells,TMEM25,1,0.2159,-0.09683,0.9324671920097058,False,False
Astro,min10_cells,NECTIN1,2,-0.11986,-0.82416,0.5569204394358419,False,True
Astro,min10_cells,OAF,1,0.03837,-0.50766,0.5781223795077631,False,False
Astro,min10_cells,TECTA,3,0.18209,-0.33284,0.5988599625656088,False,False
Astro,min10_cells,SORL1,45,0.1613,-0.07994,0.8819887630527389,False,False
Astro,min10_cells,ST3GAL4,15,-0.01185,0.04026,0.9714820249111336,False,False
Astro,min10_cells,KIRREL3,1,-0.38171,-0.34462,0.7245569704784902,False,True
Astro,min10_cells,ADAMTS8,2,-0.43254,-0.38581,,False,True
Astro,min10_cells,ADAMTS15,2,0.05225,0.09209,,False,True
Astro,min10_cells,JAM3,1,0.10794,0.25745,0.6134309169082902,False,True
Astro,min10_cells,GLB1L2,1,0.05031,0.03383,,False,True
Astro,min10_cells,B3GAT1,9,-0.07541,-0.16913,0.8403450838568401,False,True
Astro,min10_cells,WNT5B,17,-0.19271,-1.55349,0.0004060773975079,True,True
Astro,min10_cells,TULP3,1,-0.01178,0.11964,0.874588130311451,False,False
Astro,min10_cells,NTF3,21,-0.23517,-0.02935,,False,True
Astro,min10_cells,VWF,2,-0.02049,0.40845,0.8104163010671263,False,False
Astro,min10_cells,CD9,11,0.37536,0.42142,0.6696873755243282,False,True
Astro,min10_cells,TNFRSF1A,2,-0.09396,0.26865,0.8230673991486719,False,False
Astro,min10_cells,ACRBP,1,-0.05967,0.97019,,False,False
Astro,min10_cells,C1S,15,0.07908,0.77595,0.1867273743484576,False,True
Astro,min10_cells,C1R,2,-0.2927,1.09279,0.5305517423026176,False,False
Astro,min10_cells,C1RL,1,0.11741,0.52578,0.7693870171843106,False,True
Astro,min10_cells,CD163L1,1,0.19023,0.71173,,False,True
Astro,min10_cells,CD163,1,0.05835,2.37455,0.6028169811024342,False,True
Astro,min10_cells,MFAP5,2,0.08483,0.28635,,False,True
Astro,min10_cells,A2ML1,6,0.07102,0.0003,0.999916208622401,False,True
Astro,min10_cells,A2M,3,-0.35978,0.47082,0.6868071959507455,False,False
Astro,min10_cells,OLR1,3,-0.47218,0.58247,0.8042186388303448,False,False
Astro,min10_cells,PRR4,1,-0.21192,-0.23107,,False,True
Astro,min10_cells,PRH2,1,0.2767,0.25633,,False,True
Astro,min10_cells,PRB1,2,0.11726,0.84055,,False,True
Astro,min10_cells,PRB2,1,0.08957,-1.41326,,False,False
Astro,min10_cells,ART4,2,0.17789,-0.3822,,False,False
Astro,min10_cells,MGP,4,-0.05229,2.54724,0.1146094667441185,False,False
Astro,min10_cells,SPX,2,0.09707,0.44567,0.6046598241863457,False,True
Astro,min10_cells,PTHLH,1,0.06039,-0.02634,,False,False
Astro,min10_cells,OVCH1,1,0.13054,0.79772,0.3524233093510494,False,True
Astro,min10_cells,ADAMTS20,2,-0.20418,-0.9062,,False,True
Astro,min10_cells,NELL2,3,0.08253,-0.39404,0.7281967371179762,False,False
Astro,min10_cells,ENDOU,2,-0.19781,-0.5738,0.6095356594981663,False,True
Astro,min10_cells,WNT10B,2,0.01244,0.46817,,False,True
Astro,min10_cells,IGFBP6,1,-0.08545,2.52904,,False,False
Astro,min10_cells,NPFF,1,-0.00057,-0.15332,0.9427111679179744,False,True
Astro,min10_cells,CD63,1,0.0765,0.43529,0.6868071959507455,False,True
Astro,min10_cells,GDF11,2,-0.00663,-0.05888,0.9587688417484072,False,True
Astro,min10_cells,MMP19,1,-0.23863,0.80599,,False,False
Astro,min10_cells,PMEL,1,-0.23406,-0.19043,,False,True
Astro,min10_cells,ERBB3,3,-0.39554,0.29518,0.8164579582372726,False,False
Astro,min10_cells,IL23A,2,0.34988,-0.05049,,False,False
Astro,min10_cells,TAC3,6,-0.03204,-0.50543,,False,True
Astro,min10_cells,NXPH4,1,-0.07294,-0.67658,,False,True
Astro,min10_cells,WIF1,1,-0.26524,-0.42892,0.8536898977040497,False,True
Astro,min10_cells,LYZ,1,0.25077,0.50098,,False,True
Astro,min10_cells,PTPRR,20,-0.15047,-1.1717,0.1417400444392951,False,True
Astro,min10_cells,GLIPR1L1,5,-0.04187,-0.07684,0.9319240475875666,False,True
Astro,min10_cells,OTOGL,15,0.12901,-0.7071,0.3889430607806082,False,False
Astro,min10_cells,NTS,2,0.18478,0.81665,,False,True
Astro,min10_cells,KITLG,1,0.39698,0.83364,0.0676404016742768,True,True
Astro,min10_cells,LUM,1,0.28567,1.42314,,False,True
Astro,min10_cells,DCN,2,-0.23189,0.67081,0.7087982765663253,False,False
Astro,min10_cells,NTN4,1,-0.35124,-0.46328,0.7782409879027792,False,True
Astro,min10_cells,IGF1,2,-0.14854,-0.27355,,False,True
Astro,min10_cells,TMEM119,3,-0.1184,0.37166,,False,False
Astro,min10_cells,DAO,4,-0.02654,1.26849,,False,False
Astro,min10_cells,TCTN1,1,0.13904,0.2606,0.3948501654088451,False,True
Astro,min10_cells,OAS1,1,-0.31767,0.30627,,False,False
Astro,min10_cells,GLT1D1,3,-0.99892,-0.03179,0.9897096065827178,False,True
Astro,min10_cells,MMP17,5,0.07846,-0.31593,0.8183592192480176,False,False
Astro,min10_cells,IL17D,1,0.17158,0.18066,0.8141793497876636,False,True
Astro,min10_cells,FGF9,1,-0.22364,-1.32643,0.4603714438240926,False,True
Astro,min10_cells,FLT1,35,-0.29568,0.08104,0.97494610149279,False,False
Astro,min10_cells,HMGB1,21,0.10703,0.14613,0.6526865431525739,False,True
Astro,min10_cells,KL,2,-0.21915,-0.51321,,False,True
Astro,min10_cells,NHLRC3,1,0.05728,0.1822,0.747012542612692,False,True
Astro,min10_cells,ENOX1,2,0.02285,-0.5007,0.4598564056647223,False,False
Astro,min10_cells,ITM2B,3,0.06394,0.05559,0.958871958255389,False,True
Astro,min10_cells,SERPINE3,3,-0.13947,-0.04415,,False,True
Astro,min10_cells,THSD1,4,0.07176,-0.2303,0.8152896132352494,False,False
Astro,min10_cells,CNMD,2,-0.04918,-0.51278,0.6641114877086711,False,True
Astro,min10_cells,PIBF1,1,-0.02238,-0.03756,0.9452030084433216,False,True
Astro,min10_cells,CLN5,1,0.06199,-0.04994,0.9463025143834144,False,False
Astro,min10_cells,SLITRK1,3,-0.12485,-0.53082,0.7949215288468418,False,True
Astro,min10_cells,GPC5,35,0.12454,-0.43028,0.4843014084822616,False,False
Astro,min10_cells,GPC6,89,0.02747,-0.4132,0.6583710337564048,False,False
Astro,min10_cells,ITGBL1,4,0.21567,0.86253,0.4830028080519442,False,True
Astro,min10_cells,TNFSF13B,3,0.0239,-0.00894,0.9941353539782346,False,False
Astro,min10_cells,COL4A1,1,0.31369,0.92852,0.5343481719978711,False,True
Astro,min10_cells,COL4A2,1,0.31369,0.50134,0.6194205861461516,False,True
Astro,min10_cells,F10,3,-0.15057,-0.39882,0.7415967684463433,False,True
Astro,min10_cells,GAS6,2,-0.17096,-0.07699,0.9448253171682416,False,True
Astro,min10_cells,ANG,2,0.07921,1.24466,,False,True
Astro,min10_cells,RNASE4,2,0.07921,1.70212,0.1136083613505079,False,True
Astro,min10_cells,RNASE6,2,-0.29887,2.78851,,False,False
Astro,min10_cells,RNASE1,3,0.19338,0.35969,0.8136501822712241,False,True
Astro,min10_cells,C14orf93,1,0.1043,-0.04465,0.9665552447926892,False,False
Astro,min10_cells,DHRS4L2,9,-0.07428,0.19268,0.7562634045495604,False,False
Astro,min10_cells,CBLN3,2,-0.0781,0.09857,,False,False
Astro,min10_cells,COCH,1,-0.51225,0.78908,,False,False
Astro,min10_cells,FAM177A1,2,0.02509,-0.00396,0.996705108710698,False,False
Astro,min10_cells,TMX1,1,0.03441,0.01583,0.9839533117194104,False,True
Astro,min10_cells,NID2,1,0.00827,0.70853,0.7944792209423281,False,True
Astro,min10_cells,TXNDC16,1,0.0267,-0.20058,0.5633855584583471,False,False
Astro,min10_cells,ERO1A,1,-0.08256,-0.02632,0.9798376443206268,False,True
Astro,min10_cells,BMP4,2,0.29963,1.50325,,False,True
Astro,min10_cells,LGALS3,1,0.22043,0.26787,0.7405378552018443,False,True
Astro,min10_cells,SMOC1,3,0.15024,0.38906,0.7444697629542228,False,True
Astro,min10_cells,PAPLN,5,-0.15744,-0.05191,0.958871958255389,False,True
Astro,min10_cells,ENTPD5,1,0.05517,0.10556,0.8771674065905883,False,True
Astro,min10_cells,NPC2,1,-0.05128,0.7935,0.1263419143847716,False,False
Astro,min10_cells,LTBP2,1,0.01508,0.91538,0.4843933288488701,False,True
Astro,min10_cells,PGF,3,-0.13258,0.3266,,False,False
Astro,min10_cells,TGFB3,3,0.18135,-0.68761,0.1509417255529232,False,False
Astro,min10_cells,VASH1,6,-0.17706,-0.12296,0.9109079661766228,False,True
Astro,min10_cells,ISM2,1,0.04781,-0.21149,,False,False
Astro,min10_cells,FLRT2,4,0.1084,0.01175,0.9935826586761206,False,True
Astro,min10_cells,FBLN5,2,-0.20023,0.4433,0.7811137672312498,False,False
Astro,min10_cells,CHGA,2,-0.38916,0.03493,0.9939753226919472,False,False
Astro,min10_cells,SERPINA1,2,-0.56692,1.37391,,False,False
Astro,min10_cells,SERPINA3,1,0.40449,2.059,0.5029314537440659,False,True
Astro,min10_cells,HHIPL1,2,-0.1579,-0.17977,0.7623336534820746,False,True
Astro,min10_cells,WDR25,3,-0.10856,0.17478,0.7402356728585793,False,False
Astro,min10_cells,AMN,1,-0.07929,0.96475,,False,False
Astro,min10_cells,IGHG4,2,-0.60314,-2.41258,,False,True
Astro,min10_cells,IGHG1,1,-0.38481,-1.82461,,False,True
Astro,min10_cells,SCG5,2,-0.3258,0.20218,0.9277554955016024,False,False
Astro,min10_cells,GREM1,1,-0.11222,-0.08156,,False,True
Astro,min10_cells,THBS1,2,0.22962,1.27018,0.4343304801777962,False,True
Astro,min10_cells,B2M,2,-0.05922,1.10048,0.170144465799324,False,False
Astro,min10_cells,SORD,6,-0.1491,0.71537,0.3875125749679081,False,False
Astro,min10_cells,FBN1,1,0.16307,0.03008,0.9731099447111552,False,True
Astro,min10_cells,FGF7,2,-0.02114,0.36207,0.7940479888880266,False,False
Astro,min10_cells,GLDN,8,-0.08401,0.67735,0.6774964361091387,False,False
Astro,min10_cells,SCG3,1,-0.02987,-0.48092,0.4690789580121002,False,True
Astro,min10_cells,LIPC,6,0.00644,0.37494,,False,True
Astro,min10_cells,ANXA2,1,0.38535,0.94656,0.6046598241863457,False,True
Astro,min10_cells,PPIB,1,-0.10961,0.06796,0.9619740737302904,False,False
Astro,min10_cells,CILP,1,-0.51092,-0.38629,,False,True
Astro,min10_cells,C15orf61,1,-0.0169,0.37808,0.6696873755243282,False,False
Astro,min10_cells,SPESP1,1,0.09903,0.34077,0.4249302656190219,False,True
Astro,min10_cells,THSD4,62,-0.38308,-0.53218,0.6095356594981663,False,True
Astro,min10_cells,ADPGK,10,0.11848,0.01152,0.9892851779771014,False,True
Astro,min10_cells,LOXL1,3,-0.16387,-0.14794,0.9277554955016024,False,True
Astro,min10_cells,ISLR,4,0.47683,1.18746,0.4554458771586176,False,True
Astro,min10_cells,ADAMTS7,1,-0.24801,-0.63897,0.6394155979687773,False,True
Astro,min10_cells,CEMIP,1,-0.11088,0.72077,0.645419510098373,False,False
Astro,min10_cells,IL16,24,-0.15071,0.36854,0.8280172953711459,False,False
Astro,min10_cells,ADAMTSL3,2,0.41217,1.31358,0.2120658429494122,False,True
Astro,min10_cells,NMB,1,0.19146,0.08646,0.9742424812667428,False,True
Astro,min10_cells,HAPLN3,2,-0.17773,-0.86236,,False,True
Astro,min10_cells,MFGE8,2,-0.0067,-0.63598,0.455026302862027,False,True
Astro,min10_cells,NGRN,1,0.03485,0.19426,0.8281257084768338,False,True
Astro,min10_cells,FURIN,5,-0.16771,-0.06728,0.9635334699352304,False,True
Astro,min10_cells,ST8SIA2,2,-0.27634,-0.15527,,False,True
Astro,min10_cells,RGMA,5,0.06015,0.15874,0.802934379530089,False,True
Astro,min10_cells,ADAMTS17,1,-0.04988,-0.27659,0.8195644455821863,False,True
Astro,min10_cells,CHSY1,1,0.16434,-0.12095,0.9398457692344252,False,False
Astro,min10_cells,PCSK6,45,-0.19361,-0.33682,0.8112339653395315,False,True
Astro,min10_cells,WFIKKN1,1,0.20654,0.3153,,False,True
Astro,min10_cells,METRN,2,0.00428,0.08666,0.9376919534599868,False,True
Astro,min10_cells,C1QTNF8,3,-0.19397,0.38218,,False,False
Astro,min10_cells,TPSD1,3,0.41418,-0.33731,,False,False
Astro,min10_cells,GNPTG,1,0.22357,0.44998,0.2035951122444681,False,True
Astro,min10_cells,GFER,2,0.12407,0.64738,,False,True
Astro,min10_cells,PKD1,2,-0.06663,0.21854,0.7554388905940873,False,False
Astro,min10_cells,DNASE1L2,1,-0.07093,0.90077,,False,False
Astro,min10_cells,PRSS27,1,-0.20132,0.34932,,False,False
Astro,min10_cells,MMP25,2,-0.48184,-0.39267,,False,True
Astro,min10_cells,IL32,1,-0.00485,2.45953,,False,False
Astro,min10_cells,MTRNR2L4,1,-0.19438,0.20012,,False,False
Astro,min10_cells,DNASE1,2,0.02461,0.23793,0.5867866231156682,False,True
Astro,min10_cells,VASN,5,0.0378,0.71389,0.453333751500397,False,True
Astro,min10_cells,C16orf89,1,0.23068,0.04078,0.969088143682571,False,True
Astro,min10_cells,XYLT1,1,-0.12021,-0.63237,0.1125191747260859,False,True
Astro,min10_cells,CLEC19A,2,0.32551,-0.33814,,False,False
Astro,min10_cells,OTOA,3,0.18781,-0.22556,,False,False
Astro,min10_cells,VWA3A,8,0.0874,0.13863,0.8904208849657181,False,True
Astro,min10_cells,IL4R,12,0.32059,0.50422,0.8052307329503304,False,True
Astro,min10_cells,CTF1,2,0.11321,1.38939,0.1801680008175235,False,True
Astro,min10_cells,PRSS53,1,-0.27122,1.00957,,False,False
Astro,min10_cells,PRSS36,2,0.21477,-0.70013,,False,False
Astro,min10_cells,ITFG1,1,0.04971,-0.04519,0.945968829396067,False,False
Astro,min10_cells,MMP2,13,-0.1782,0.8068,,False,False
Astro,min10_cells,CES5A,13,-0.36753,-0.25796,,False,True
Astro,min10_cells,RSPRY1,1,-0.01448,-0.0001,0.9999740116096724,False,True
Astro,min10_cells,CX3CL1,1,0.39089,1.11552,0.2181897727066161,False,True
Astro,min10_cells,ADGRG1,11,-0.05207,-0.43609,0.1734844414559125,False,True
Astro,min10_cells,PRSS54,1,-0.15784,0.49853,,False,False
Astro,min10_cells,CKLF,2,0.18425,0.69608,0.3991898233839892,False,True
Astro,min10_cells,CES4A,4,0.23836,0.19806,,False,True
Astro,min10_cells,GFOD2,1,0.20378,0.03225,0.9799570246507217,False,True
Astro,min10_cells,NRN1L,2,-0.18713,0.40983,,False,False
Astro,min10_cells,LCAT,3,0.1406,0.22748,0.8831398994246321,False,True
Astro,min10_cells,PLA2G15,3,-0.09884,-0.14595,0.9108663487739797,False,True
Astro,min10_cells,ST3GAL2,11,-0.07484,0.15994,0.7940479888880266,False,False
Astro,min10_cells,IL34,14,-0.18118,0.33801,0.8308103036201012,False,False
Astro,min10_cells,CLEC18B,1,0.68295,0.64047,,False,True
Astro,min10_cells,ADAMTS18,1,-0.77511,0.25816,0.9424325982527793,False,False
Astro,min10_cells,MBTPS1,1,0.00633,-0.04236,0.9398457692344252,False,False
Astro,min10_cells,WFDC1,1,-0.11225,-0.17119,0.9541352927488068,False,True
Astro,min10_cells,CRISPLD2,2,-0.29872,0.0268,0.9933653845075312,False,False
Astro,min10_cells,SERPINF2,4,-0.44991,-0.75924,,False,True
Astro,min10_cells,SERPINF1,2,-0.29193,0.82038,0.7091270820503325,False,False
Astro,min10_cells,CYB5D2,1,0.07763,0.13244,0.8519836545001017,False,True
Astro,min10_cells,CXCL16,1,0.07011,-0.30509,0.8133941864983972,False,False
Astro,min10_cells,VMO1,1,-0.1476,-0.5845,,False,True
Astro,min10_cells,C1QBP,1,0.10874,0.54967,0.5744372781136358,False,True
Astro,min10_cells,ASGR1,1,-0.10528,-0.29712,0.8776582804681817,False,True
Astro,min10_cells,TNFSF12,1,-0.03286,0.10748,0.9063442390423692,False,False
Astro,min10_cells,TNFSF13,2,-0.10159,-0.41704,0.6637337285323985,False,True
Astro,min10_cells,SHBG,3,-0.00483,0.74408,,False,False
Astro,min10_cells,NTN1,2,0.16005,1.02017,0.2817440421941355,False,True
Astro,min10_cells,MFAP4,3,0.0261,1.6498,,False,True
Astro,min10_cells,MTRNR2L1,2,1.01215,0.78596,0.8636943672030426,False,True
Astro,min10_cells,LGALS9,3,-0.13155,0.09598,0.9674960627930728,False,False
Astro,min10_cells,VTN,2,-0.12529,-0.69928,,False,True
Astro,min10_cells,SDF2,1,0.05447,0.34905,0.6371660327477265,False,True
Astro,min10_cells,DHRS13,1,-0.06285,-0.05877,,False,True
Astro,min10_cells,ABHD15,2,0.01834,-0.1002,0.9590058496639364,False,False
Astro,min10_cells,TMEM98,1,0.08372,-0.05396,0.9663717210027096,False,False
Astro,min10_cells,CCL2,1,-0.06067,-0.6033,0.8457490213304558,False,True
Astro,min10_cells,MMP28,2,-0.23298,-0.11814,0.8391109959179814,False,True
Astro,min10_cells,CCL5,2,0.09703,2.09546,,False,True
Astro,min10_cells,CCL4L2,2,0.02613,0.62766,,False,True
Astro,min10_cells,DHRS11,1,0.16507,-0.85901,0.3471679666518821,False,False
Astro,min10_cells,PLXDC1,2,0.07074,0.14451,0.9424325982527793,False,True
Astro,min10_cells,IGFBP4,1,-0.36238,0.91786,0.6915516991032851,False,False
Astro,min10_cells,HCRT,1,0.06021,-1.08568,,False,False
Astro,min10_cells,IFI35,1,-0.0169,0.20866,0.9048569043418642,False,False
Astro,min10_cells,PYY,8,-0.02599,0.98294,,False,False
Astro,min10_cells,GRN,3,-0.00217,0.05484,0.9663717210027096,False,False
Astro,min10_cells,C1QL1,2,0.03917,1.08302,0.5685843519484262,False,True
Astro,min10_cells,MAPT,19,0.2026,0.14923,0.7663855589467754,False,True
Astro,min10_cells,WNT3,1,-0.01375,-0.07759,0.9597723489244704,False,True
Astro,min10_cells,WNT9B,1,-0.39136,0.43216,,False,False
Astro,min10_cells,NXPH3,2,-0.00419,0.34422,0.8571644376195148,False,False
Astro,min10_cells,COL1A1,1,0.56642,0.33546,,False,True
Astro,min10_cells,XYLT2,1,-0.00018,-0.28614,0.6518755078434995,False,True
Astro,min10_cells,CHAD,4,-0.17389,-0.02133,,False,True
Astro,min10_cells,SPATA20,1,-0.02346,0.3079,0.740783215826162,False,False
Astro,min10_cells,CA10,3,-0.43215,-0.4056,0.7693870171843106,False,True
Astro,min10_cells,NOG,1,0.02053,0.09621,,False,True
Astro,min10_cells,C17orf67,1,0.27678,0.39552,0.7285778950182332,False,True
Astro,min10_cells,SCPEP1,1,0.21643,0.61334,0.1146094667441185,False,True
Astro,min10_cells,LPO,5,-0.06235,-0.50079,,False,True
Astro,min10_cells,RNF43,3,-0.06875,-0.5251,0.6862963616100713,False,True
Astro,min10_cells,ACE,2,-0.29188,0.42535,,False,False
Astro,min10_cells,FAM20A,13,-0.46673,0.33319,0.8739147053978917,False,False
Astro,min10_cells,BTBD17,2,-0.0956,-1.42996,0.1232660698394634,False,True
Astro,min10_cells,C17orf99,1,-0.03303,0.30647,,False,False
Astro,min10_cells,TIMP2,18,0.02849,0.16792,0.8715519770621217,False,True
Astro,min10_cells,LGALS3BP,1,0.11334,0.24006,0.8161446255860959,False,True
Astro,min10_cells,CANT1,5,-0.00672,-0.11486,0.9329458566397916,False,True
Astro,min10_cells,C1QTNF1,10,0.03383,-0.40088,,False,False
Astro,min10_cells,NPTX1,3,-0.07109,-0.21938,0.9167792759268856,False,True
Astro,min10_cells,P4HB,1,0.07942,0.17312,0.7944792209423281,False,True
Astro,min10_cells,NPB,2,0.061,0.00785,,False,True
Astro,min10_cells,NOTUM,2,-0.00566,-0.30052,,False,True
Astro,min10_cells,SECTM1,2,-0.28454,-0.86014,,False,True
Astro,min10_cells,METRNL,1,-0.0454,-0.51088,0.4883884091874939,False,True
Astro,min10_cells,CLUL1,5,0.29179,1.05547,,False,True
Astro,min10_cells,ADCYAP1,2,-0.38539,-1.3111,,False,True
Astro,min10_cells,EMILIN2,3,-0.20658,-0.17319,,False,True
Astro,min10_cells,LAMA1,25,-0.03283,-0.23529,0.6892563912792113,False,True
Astro,min10_cells,TWSG1,1,0.02107,-0.02706,0.9714820249111336,False,False
Astro,min10_cells,LAMA3,29,0.07635,0.08533,0.9426114087608328,False,True
Astro,min10_cells,CHST9,8,0.45669,0.98851,0.0344880753975819,True,True
Astro,min10_cells,TTR,8,-0.36768,-1.76855,0.4377182342740038,False,True
Astro,min10_cells,GALNT1,1,-0.34628,-0.11514,0.84150639421236,False,True
Astro,min10_cells,LIPG,4,0.31094,-0.11062,,False,False
Astro,min10_cells,C18orf54,1,0.11559,-0.13192,0.944994954764156,False,False
Astro,min10_cells,TCF4,89,0.09913,-0.11762,0.861815954977765,False,False
Astro,min10_cells,GRP,3,-0.52883,0.81554,,False,False
Astro,min10_cells,CCBE1,36,-0.25834,-1.01015,0.645419510098373,False,True
Astro,min10_cells,HMSD,2,0.23847,0.89801,,False,True
Astro,min10_cells,CBLN2,17,-0.21551,-0.95095,0.5663956285592427,False,True
Astro,min10_cells,NETO1,2,-0.03837,-0.16957,0.9424325982527793,False,True
Astro,min10_cells,CNDP1,1,-0.31407,0.21603,0.874973737067056,False,False
Astro,min10_cells,FGF22,1,0.01244,-0.06331,0.9848904178919454,False,False
Astro,min10_cells,FSTL3,3,0.10971,0.82732,0.1371887074670807,False,True
Astro,min10_cells,CFD,2,0.18711,0.34972,,False,True
Astro,min10_cells,ADAMTSL5,1,-0.08576,-0.73515,,False,True
Astro,min10_cells,IZUMO4,1,-0.00391,0.33544,0.7144217525296559,False,False
Astro,min10_cells,AMH,1,-0.55086,-1.14832,,False,True
Astro,min10_cells,EBI3,1,0.0106,0.26873,,False,True
Astro,min10_cells,MYDGF,2,-0.15571,0.65044,0.3411539717071516,False,False
Astro,min10_cells,HSD11B1L,1,-0.07701,-0.07611,0.9590058496639364,False,True
Astro,min10_cells,NRTN,1,-0.26003,0.01353,,False,False
Astro,min10_cells,FUT6,2,-0.14799,-1.16528,,False,True
Astro,min10_cells,PSPN,2,-0.04269,0.20591,,False,False
Astro,min10_cells,TNFSF14,1,0.03789,2.38375,0.657934761372888,False,True
Astro,min10_cells,C3,2,0.69357,1.37917,0.4343304801777962,False,True
Astro,min10_cells,ANGPTL4,2,0.152,1.02025,0.42258650510185,False,True
Astro,min10_cells,ADAMTS10,4,0.31849,0.43539,0.5723482399188603,False,True
Astro,min10_cells,OLFM2,19,-0.08519,-0.35671,0.6020390553321072,False,True
Astro,min10_cells,COL5A3,2,-0.14085,-0.4189,0.3998047481175119,False,True
Astro,min10_cells,EPOR,2,-0.29248,0.42982,0.632952394619043,False,False
Astro,min10_cells,MAN2B1,2,-0.00273,0.07352,0.9645045972769808,False,False
Astro,min10_cells,RTBDN,3,-0.04905,0.07054,,False,False
Astro,min10_cells,CALR,1,0.01871,0.01211,0.9941306283581308,False,True
Astro,min10_cells,DAND5,3,-0.04014,0.36171,,False,False
Astro,min10_cells,PODNL1,2,0.04109,0.87803,,False,True
Astro,min10_cells,SAMD1,1,-0.00851,0.39625,0.6698071037527966,False,False
Astro,min10_cells,ADGRE5,1,0.02503,1.32296,,False,True
Astro,min10_cells,ADGRE3,4,-0.10229,0.49186,,False,False
Astro,min10_cells,PGLYRP2,2,-0.08474,-1.23865,,False,True
Astro,min10_cells,CPAMD8,2,-0.37152,0.39717,0.8759514409291168,False,False
Astro,min10_cells,IFI30,1,-0.29811,0.96484,,False,False
Astro,min10_cells,GDF15,2,0.3677,1.37282,,False,True
Astro,min10_cells,CRLF1,2,-0.47028,-0.13822,0.9407306940096476,False,True
Astro,min10_cells,NCAN,3,-0.17787,-0.39885,0.5726303862551595,False,True
Astro,min10_cells,HAPLN4,1,-0.67592,-1.09748,,False,True
Astro,min10_cells,GPI,1,-0.11078,0.04621,0.9598658226075938,False,False
Astro,min10_cells,SCGB2B2,13,0.08259,0.02201,0.9799377477199024,False,True
Astro,min10_cells,SCN1B,2,0.27579,0.12454,0.958871958255389,False,True
Astro,min10_cells,LGI4,1,-0.05143,0.28809,0.6603693126268912,False,False
Astro,min10_cells,HAMP,3,-0.03085,-0.02373,0.9974514962773608,False,True
Astro,min10_cells,DMKN,3,-0.12841,0.32689,,False,False
Astro,min10_cells,HSPB6,1,0.13463,0.90437,,False,True
Astro,min10_cells,CATSPERG,1,0.04604,0.26831,0.7251391117663372,False,True
Astro,min10_cells,CCER2,1,-0.5373,0.5657,,False,False
Astro,min10_cells,ACP7,1,-0.12651,0.12823,,False,False
Astro,min10_cells,FCGBP,6,0.01548,0.34308,0.8393310457441086,False,True
Astro,min10_cells,LTBP4,7,0.24154,1.42753,0.1523297253902636,False,True
Astro,min10_cells,MIA,1,-0.05492,0.53878,,False,False
Astro,min10_cells,TGFB1,2,0.25513,0.07898,0.9604162468197966,False,True
Astro,min10_cells,CXCL17,1,0.00411,-0.17613,0.9318582489089576,False,False
Astro,min10_cells,CEACAM1,1,-0.46024,0.26199,0.7946817973672803,False,False
Astro,min10_cells,PSG3,1,0.15608,-0.49572,,False,False
Astro,min10_cells,PSG8,9,-0.3334,0.14293,,False,False
Astro,min10_cells,PSG6,1,0.02784,0.33221,,False,True
Astro,min10_cells,PINLYP,2,-0.05286,0.19103,0.9216852437036576,False,False
Astro,min10_cells,PLAUR,2,-0.00895,0.31638,0.7822125438984271,False,False
Astro,min10_cells,PVR,1,-0.2498,-0.46248,0.7123836927586062,False,True
Astro,min10_cells,APOE,3,-0.0989,-0.06263,0.965630315438546,False,True
Astro,min10_cells,APOC1,2,-0.2626,-0.19177,0.9057702620450933,False,True
Astro,min10_cells,APOC4,1,-0.36514,0.22881,,False,False
Astro,min10_cells,APOC2,4,-0.48002,-0.04974,0.9849459768022576,False,True
Astro,min10_cells,PGLYRP1,1,0.2502,0.3588,,False,True
Astro,min10_cells,IGFL4,7,-0.33613,-0.35533,0.6698071037527966,False,True
Astro,min10_cells,IGFL3,3,-0.61566,-2.40147,,False,True
Astro,min10_cells,FKRP,2,0.05863,-0.11255,0.9200436935966582,False,False
Astro,min10_cells,CA11,1,0.20971,-0.28528,0.8025309520408281,False,False
Astro,min10_cells,NTN5,1,0.2338,0.37853,0.7101778073766938,False,True
Astro,min10_cells,TULP2,1,0.00959,-1.14224,,False,False
Astro,min10_cells,NUCB1,1,0.00959,-0.02623,0.9839533117194104,False,False
Astro,min10_cells,DKKL1,2,0.20354,-0.95008,,False,False
Astro,min10_cells,FLT3LG,2,-0.0239,0.17434,0.9048569043418642,False,False
Astro,min10_cells,IL4I1,9,-0.05385,0.03527,,False,False
Astro,min10_cells,EMC10,2,0.07893,0.10033,0.9003552912401797,False,True
Astro,min10_cells,CLEC11A,2,0.13228,0.44159,0.7142485913938359,False,True
Astro,min10_cells,KLK6,1,0.07877,0.32312,0.8847309671882704,False,True
Astro,min10_cells,KLK7,2,-0.53921,1.11803,,False,False
Astro,min10_cells,IGLON5,2,-0.47596,-1.17337,0.2276230682850685,False,True
Astro,min10_cells,SIGLEC10,2,0.31706,1.56243,,False,True
Astro,min10_cells,OSCAR,2,-0.04575,0.44327,,False,False
Astro,min10_cells,LILRA2,1,-0.46832,0.33122,,False,False
Astro,min10_cells,LILRB1,3,-0.2265,-0.2574,,False,True
Astro,min10_cells,FCAR,2,-0.35664,0.60203,,False,False
Astro,min10_cells,SSC5D,4,0.64348,0.33897,0.8108921505432888,False,True
Astro,min10_cells,EDDM13,2,-0.15102,-0.26506,0.7482299311391886,False,True
Astro,min10_cells,A1BG,1,0.05905,0.56986,0.80850352046902,False,True
Astro,min10_cells,ANGPT4,2,-0.4033,-0.38885,,False,True
Astro,min10_cells,RSPO4,2,-0.52674,0.44854,0.5149424842234671,False,False
Astro,min10_cells,PDYN,2,0.25425,1.34206,,False,True
Astro,min10_cells,ATRN,1,-0.13448,0.00215,0.9974514962773608,False,False
Astro,min10_cells,C20orf27,2,0.11911,0.42572,0.7002279300449508,False,True
Astro,min10_cells,CHGB,2,-0.00077,0.63334,0.7824492458922571,False,False
Astro,min10_cells,BMP2,3,0.41596,0.45795,0.8032221395107267,False,True
Astro,min10_cells,ISM1,1,-0.46569,0.03573,0.9936434387142132,False,False
Astro,min10_cells,FLRT3,1,-0.27037,-0.09906,0.9654256566846806,False,True
Astro,min10_cells,PCSK2,2,-0.16115,-0.73351,0.3153971913192685,False,True
Astro,min10_cells,CST3,2,0.05573,0.15269,0.9151694822615704,False,True
Astro,min10_cells,CST7,3,0.22674,-0.10553,,False,False
Astro,min10_cells,ENTPD6,1,-0.00915,0.03035,0.97494610149279,False,False
Astro,min10_cells,ASIP,11,0.2665,-0.46597,0.7940479888880266,False,False
Astro,min10_cells,MMP24,1,-0.50161,-0.03286,0.9845010598099744,False,True
Astro,min10_cells,GDF5,3,-0.02748,0.19079,,False,False
Astro,min10_cells,SOGA1,2,-0.03035,-0.29186,0.4312996961236816,False,True
Astro,min10_cells,VSTM2L,2,-0.66967,0.12248,0.9554927809755464,False,False
Astro,min10_cells,TGM2,1,-0.01311,1.39894,,False,False
Astro,min10_cells,EMILIN3,1,-0.63749,0.10056,,False,False
Astro,min10_cells,CCN5,1,-0.21244,0.69505,,False,False
Astro,min10_cells,SDC4,1,0.30986,0.13324,0.9044420976053924,False,True
Astro,min10_cells,WFDC2,2,-0.33568,0.48502,,False,False
Astro,min10_cells,WFDC10B,1,-0.1082,0.07967,0.9745893322004204,False,False
Astro,min10_cells,WFDC3,1,-0.04182,0.16113,0.9314888133589744,False,False
Astro,min10_cells,PLTP,1,0.26752,0.30379,0.6518755078434995,False,True
Astro,min10_cells,CD40,1,-0.02453,-0.08822,0.9561468190400616,False,True
Astro,min10_cells,SULF2,1,0.11065,0.09771,0.9554927809755464,False,True
Astro,min10_cells,CBLN4,1,-0.35281,-1.27604,,False,True
Astro,min10_cells,BMP7,1,0.03214,-0.21884,0.6734061508300151,False,False
Astro,min10_cells,GNAS,21,0.12826,0.05379,0.9527668201454612,False,True
Astro,min10_cells,EDN3,2,0.04411,0.70151,,False,True
Astro,min10_cells,LAMA5,1,0.24072,0.46561,0.5959614056764523,False,True
Astro,min10_cells,COL9A3,1,0.01846,0.37516,,False,True
Astro,min10_cells,COL20A1,3,-0.13822,-0.10156,,False,True
Astro,min10_cells,TNFRSF6B,2,-0.17213,1.08249,0.2731502572352666,False,False
Astro,min10_cells,LIPI,1,-0.15544,0.35745,,False,False
Astro,min10_cells,CXADR,1,-0.06825,0.09639,0.9595014944913782,False,False
Astro,min10_cells,APP,8,0.18781,0.39152,0.4374375891842221,False,True
Astro,min10_cells,ADAMTS1,2,0.32413,0.63447,0.6470468695602933,False,True
Astro,min10_cells,ADAMTS5,1,0.07888,-0.80987,0.5386494589613744,False,False
Astro,min10_cells,C21orf62,1,-0.14238,0.72372,0.6646036480574861,False,False
Astro,min10_cells,IFNAR2,1,0.06601,-0.10422,0.9382637485700968,False,False
Astro,min10_cells,DSCAM,91,0.10056,0.06167,0.9742424812667428,False,True
Astro,min10_cells,ERVH48-1,2,-0.06044,0.35545,,False,False
Astro,min10_cells,COL18A1,14,-0.1002,0.59309,0.6368413595284438,False,False
Astro,min10_cells,COL6A1,1,-0.14552,-0.26415,0.6399425933575382,False,True
Astro,min10_cells,COL6A2,3,0.31264,0.94072,0.4875237433053936,False,True
Astro,min10_cells,S100B,2,-0.03247,0.47186,0.4788458804607671,False,False
Astro,min10_cells,IL17RA,1,-0.12019,-0.07346,0.9652713381073204,False,True
Astro,min10_cells,ADA2,5,-0.17399,-0.03119,0.9799570246507217,False,True
Astro,min10_cells,C22orf39,1,0.13859,0.46143,0.6028169811024342,False,True
Astro,min10_cells,SERPIND1,4,-0.13225,0.67474,,False,False
Astro,min10_cells,IGLL1,1,-0.20449,0.3169,,False,False
Astro,min10_cells,MMP11,1,-0.15368,-0.73846,,False,True
Astro,min10_cells,MIF,1,-0.00213,0.34341,0.8423944950280735,False,False
Astro,min10_cells,EMID1,1,-0.25355,-0.11802,0.9186696377859838,False,True
Astro,min10_cells,TCN2,3,0.15315,0.09942,0.9398457692344252,False,True
Astro,min10_cells,PLA2G3,1,-0.24006,0.54405,,False,False
Astro,min10_cells,BPIFC,1,-0.23518,0.77093,,False,False
Astro,min10_cells,TIMP3,3,0.00829,-0.11566,0.9328964017331444,False,False
Astro,min10_cells,APOL4,2,0.25075,-2.47981,0.1928180840010306,False,False
Astro,min10_cells,APOL1,2,-0.20564,1.92357,,False,False
Astro,min10_cells,C1QTNF6,2,-0.00787,0.34377,0.5196733634281461,False,False
Astro,min10_cells,LGALS1,1,0.20595,0.67198,0.4787377395433277,False,True
Astro,min10_cells,PDGFB,4,-0.37766,0.80814,0.6287220362468686,False,False
Astro,min10_cells,CHADL,2,0.05244,-0.02298,0.9897998623864772,False,False
Astro,min10_cells,CCDC134,1,-0.12451,-0.00534,0.9977566765189652,False,True
Astro,min10_cells,SCUBE1,2,-0.1662,0.08978,,False,False
Astro,min10_cells,FBLN1,3,-0.16101,-0.05421,0.9543449867681758,False,True
Astro,min10_cells,WNT7B,5,-0.40873,-0.69778,0.3839440773278011,False,True
Astro,min10_cells,TAFA5,61,0.01641,-0.24481,0.4377182342740038,False,False
Astro,min10_cells,CSF2RA,5,0.38161,0.29407,0.897180004445203,False,True
Astro,min10_cells,DHRSX,2,-0.16683,-0.1695,0.7444697629542228,False,True
Astro,min10_cells,ARSF,4,-0.05458,-0.86285,0.2071929059067176,False,True
Astro,min10_cells,MXRA5,2,0.32857,1.71113,,False,True
Astro,min10_cells,ANOS1,1,0.3058,0.04627,0.973544612527114,False,True
Astro,min10_cells,VEGFD,2,-0.44334,0.59178,0.4830028080519442,False,False
Astro,min10_cells,APOO,1,0.15937,-0.13077,0.7872643998390298,False,False
Astro,min10_cells,SRPX,1,-0.02085,0.36862,0.7562634045495604,False,False
Astro,min10_cells,NYX,1,0.11721,1.10721,,False,True
Astro,min10_cells,NDP,2,-0.10721,-0.55001,0.378523036988558,False,True
Astro,min10_cells,DIPK2B,1,-0.3004,0.13524,0.9645045972769808,False,False
Astro,min10_cells,TIMP1,1,0.08864,1.43282,0.2226147168082344,False,True
Astro,min10_cells,CFP,2,0.24488,-0.34191,,False,False
Astro,min10_cells,PCSK1N,2,-0.14254,0.48773,0.7448637987855855,False,False
Astro,min10_cells,EDA,5,-0.005,0.13526,0.8736772124746601,False,False
Astro,min10_cells,PDZD11,1,0.03574,0.43648,0.6172780329247576,False,True
Astro,min10_cells,SRPX2,2,0.52439,0.17468,0.94193020658272,False,True
Astro,min10_cells,COL4A6,2,0.06267,0.88173,0.1188611159515477,False,True
Astro,min10_cells,COL4A5,9,0.22185,0.05416,0.9382637485700968,False,True
Astro,min10_cells,CHRDL1,1,0.05751,-0.25817,0.868529014053934,False,False
Astro,min10_cells,PGRMC1,1,0.14155,0.34258,0.7971432895721866,False,True
Astro,min10_cells,APLN,2,0.25657,0.73469,0.55069496226555,False,True
Astro,min10_cells,ENOX2,38,-0.12847,-0.0229,0.9745893322004204,False,True
Astro,min10_cells,IGSF1,11,-0.2404,-0.70703,0.5297093608559377,False,True
Astro,min10_cells,GPC4,2,-0.05618,0.02708,0.9852035256084128,False,False
Astro,min10_cells,FGF13,15,0.07151,-0.04018,0.986383303716748,False,False
Astro,min10_cells,CD99L2,1,-0.12282,-0.30542,0.28549362117688,False,True
Astro,min10_cells,BGN,1,-0.10639,1.34811,0.1458405712084238,False,False
Astro,min10_cells,FAM3A,1,0.12193,0.61194,0.269324296256466,False,True
Astro,min10_cells,F8,3,0.43528,0.18273,0.7582329334428165,False,True
Micro,all_donors,ISG15,5,-0.47298,1.14959,,False,False
Micro,all_donors,AGRN,1,-0.15246,0.59906,,False,False
Micro,all_donors,VWA1,3,-0.66879,-1.17461,0.769730506438086,False,True
Micro,all_donors,TNFRSF25,1,0.64037,-0.96888,0.4099010669888467,False,False
Micro,all_donors,CORT,1,-0.06405,-1.46697,,False,True
Micro,all_donors,TNFRSF1B,2,0.30162,-0.03116,0.9898055651628004,False,False
Micro,all_donors,NBL1,14,0.17016,0.50473,0.7367546475607115,False,True
Micro,all_donors,PLA2G2C,2,0.08639,0.17707,,False,True
Micro,all_donors,HSPG2,2,0.34962,-0.88474,,False,False
Micro,all_donors,C1QA,2,-0.41864,1.17931,0.5876998172197687,False,False
Micro,all_donors,C1QC,3,-0.39161,0.66364,0.6791521267975196,False,False
Micro,all_donors,C1QB,3,0.26551,0.76824,0.709881669618487,False,True
Micro,all_donors,COL16A1,3,-0.09687,-1.39495,0.6528208378909074,False,True
Micro,all_donors,ADGRB2,5,-0.07834,-0.86607,0.6735512149380031,False,True
Micro,all_donors,COL8A2,7,0.43759,0.19476,0.9446140431285552,False,True
Micro,all_donors,CSF3R,1,0.34968,0.06294,0.971992217960964,False,True
Micro,all_donors,EPHA10,3,-0.16165,-2.06079,,False,True
Micro,all_donors,BMP8A,3,0.1199,-0.93659,,False,False
Micro,all_donors,PPT1,6,-0.72379,-0.20706,0.8813796214474772,False,True
Micro,all_donors,COL9A2,1,0.00341,-0.36436,0.8820399783777368,False,False
Micro,all_donors,YBX1,1,0.09654,0.56481,0.2215591496145268,False,True
Micro,all_donors,P3H1,1,0.24633,0.43857,0.7697270834272072,False,True
Micro,all_donors,SVBP,1,0.53494,0.57774,0.6735512149380031,False,True
Micro,all_donors,ST3GAL3,7,-0.33672,-0.06276,0.9659688312528848,False,True
Micro,all_donors,SPATA6,1,0.08396,-0.23246,0.9206705313996362,False,False
Micro,all_donors,GPX7,1,0.19169,-0.6156,,False,False
Micro,all_donors,LRP8,1,0.46066,-0.07065,0.9780001156307336,False,False
Micro,all_donors,LEPR,20,0.19494,0.65643,0.6236847938020257,False,True
Micro,all_donors,COL24A1,1,-0.67301,-0.97511,0.7880901627144067,False,True
Micro,all_donors,CLCA4,1,-0.35729,-0.99427,0.806779781686456,False,True
Micro,all_donors,GBP1,1,0.57148,1.28587,0.5876998172197687,False,True
Micro,all_donors,TGFBR3,9,-0.14818,-0.3988,0.9095906440397228,False,True
Micro,all_donors,F3,2,0.01241,-0.33935,0.9254183321794844,False,False
Micro,all_donors,EXTL2,1,0.01062,0.1455,0.9206705313996362,False,True
Micro,all_donors,OLFM3,25,-0.06693,-1.1818,0.4685481611408899,False,True
Micro,all_donors,COL11A1,1,-0.46039,-0.97725,0.6735512149380031,False,True
Micro,all_donors,AMY2B,3,-0.51145,0.38337,0.7942643173548676,False,False
Micro,all_donors,CSF1,2,-0.31681,-2.28575,0.1115638424745708,False,True
Micro,all_donors,CHI3L2,12,0.13933,-0.02367,,False,False
Micro,all_donors,WNT2B,3,0.3309,0.35848,0.8146520289222999,False,True
Micro,all_donors,OLFML3,2,-0.11267,-0.96416,0.6379572239164886,False,True
Micro,all_donors,NOTCH2NLA,1,0.56287,1.39579,0.2598681631689035,False,True
Micro,all_donors,NOTCH2NLC,1,-0.407,0.52471,0.5907731085476897,False,False
Micro,all_donors,C1orf54,3,0.28511,0.24271,0.9367020682153148,False,True
Micro,all_donors,ECM1,3,-0.24363,-0.4181,,False,True
Micro,all_donors,ADAMTSL4,2,0.37413,0.60402,0.807993931689967,False,True
Micro,all_donors,CTSS,2,0.39384,0.41513,0.6885059224886078,False,True
Micro,all_donors,CTSK,2,0.17311,-0.85848,,False,False
Micro,all_donors,C1orf56,2,0.3413,0.3575,0.9206705313996362,False,True
Micro,all_donors,TUFT1,1,0.5077,-0.40172,,False,False
Micro,all_donors,S100A9,1,-0.04509,-0.83661,0.8956558874220416,False,True
Micro,all_donors,S100A8,1,0.06103,0.47032,0.9667595159489316,False,True
Micro,all_donors,S100A4,3,0.94099,2.57233,,False,True
Micro,all_donors,S100A13,2,0.16168,0.35455,0.8977384179874063,False,True
Micro,all_donors,IL6R,3,-0.2596,-0.06397,0.9720635861853286,False,True
Micro,all_donors,EFNA4,2,-0.29519,0.06511,,False,False
Micro,all_donors,EFNA1,2,-0.50634,-0.8238,0.8708743235694949,False,True
Micro,all_donors,THBS3,1,-0.34278,-1.37911,0.5338205962443436,False,True
Micro,all_donors,NAXE,2,-0.37303,-1.00956,0.5723373628334975,False,True
Micro,all_donors,HAPLN2,1,0.0687,-0.32521,0.970157682498792,False,False
Micro,all_donors,BCAN,2,0.18469,-0.96085,0.6671678028922148,False,False
Micro,all_donors,HDGF,1,-0.0112,0.1223,0.9544903241675484,False,False
Micro,all_donors,COPA,1,0.08895,-0.1268,0.888558713622352,False,False
Micro,all_donors,ADAMTS4,4,-0.05549,-1.1136,0.6617165403336887,False,True
Micro,all_donors,FCGR3A,1,0.39689,0.89489,0.6856874023133201,False,True
Micro,all_donors,OLFML2B,14,0.16552,-0.07687,0.9778021042872208,False,False
Micro,all_donors,CREG1,1,-0.19431,-0.11489,0.9416758205219352,False,True
Micro,all_donors,TNR,3,1.1396,-0.8989,0.6750463040128781,False,False
Micro,all_donors,PAPPA2,1,0.11154,-0.2123,0.9667595159489316,False,False
Micro,all_donors,BRINP2,1,-0.94353,-1.54447,0.2763861647239366,False,True
Micro,all_donors,ANGPTL1,1,-0.18758,1.15656,0.5753011388704267,False,False
Micro,all_donors,QSOX1,2,-0.16573,-0.17578,0.888558713622352,False,True
Micro,all_donors,MR1,1,-0.14702,0.4894,0.710106818588408,False,False
Micro,all_donors,LAMC1,1,-1.08013,-0.30082,,False,True
Micro,all_donors,HMCN1,1,-0.59186,0.49016,,False,False
Micro,all_donors,BRINP3,3,0.13406,-1.0431,0.6132770177471943,False,False
Micro,all_donors,CRB1,31,-0.78726,-1.0772,0.6198579753210873,False,True
Micro,all_donors,RNPEP,1,0.27881,0.40633,0.7259720683331383,False,True
Micro,all_donors,CHI3L1,2,0.07113,0.25702,,False,True
Micro,all_donors,CHIT1,1,-0.14536,0.41659,,False,False
Micro,all_donors,CNTN2,2,0.04779,-1.04427,0.7573383230288919,False,False
Micro,all_donors,PM20D1,2,0.58496,-0.74707,,False,False
Micro,all_donors,IL10,3,0.09779,1.87965,,False,True
Micro,all_donors,IL19,17,0.23497,1.1195,,False,True
Micro,all_donors,CD55,1,0.14736,-0.02627,0.98738989740453,False,False
Micro,all_donors,CR1L,1,-0.16711,-0.84796,,False,True
Micro,all_donors,NENF,1,-0.10327,-0.00473,0.9980169068222456,False,True
Micro,all_donors,VASH2,2,-0.11445,-0.26334,,False,True
Micro,all_donors,USH2A,2,-0.23825,-0.4149,,False,True
Micro,all_donors,TGFB2,3,0.52233,-0.30426,0.9129355239377436,False,False
Micro,all_donors,SUSD4,1,-0.62235,-0.58583,0.7521741425865859,False,True
Micro,all_donors,LEFTY1,2,-0.43609,-1.79388,,False,True
Micro,all_donors,GALNT2,1,-0.36983,0.04224,0.9780001156307336,False,False
Micro,all_donors,AGT,1,0.3763,0.43896,0.9201359764862906,False,True
Micro,all_donors,NLRP3,2,0.47943,-0.00718,0.9972247402264676,False,False
Micro,all_donors,ALKAL2,1,0.56625,-0.49138,,False,False
Micro,all_donors,COLEC11,5,-1.76407,1.72829,,False,False
Micro,all_donors,POMC,1,0.20333,-1.06508,,False,False
Micro,all_donors,EMILIN1,1,-0.21747,-1.18788,0.6153790124989863,False,True
Micro,all_donors,CGREF1,2,0.44251,-0.64606,0.8305729403192966,False,False
Micro,all_donors,UCN,2,0.42515,0.60284,,False,True
Micro,all_donors,FNDC4,1,-0.24762,1.6651,,False,False
Micro,all_donors,LTBP1,27,0.056,-2.01701,0.2782409555314638,False,False
Micro,all_donors,CRIM1,2,-0.43841,-0.23549,0.8836229531762341,False,True
Micro,all_donors,QPCT,2,-0.73207,-1.25736,0.4581765734698362,False,True
Micro,all_donors,PKDCC,2,0.37161,0.17527,0.9709271537040912,False,True
Micro,all_donors,EFEMP1,1,-0.4547,0.31962,,False,False
Micro,all_donors,TGFA,2,0.10353,-0.39252,0.7372973783803,False,False
Micro,all_donors,PRADC1,1,0.35237,0.68913,0.8137590778723318,False,True
Micro,all_donors,LOXL3,1,0.03471,0.31528,0.7815773652464636,False,True
Micro,all_donors,GNLY,1,0.15122,0.78555,0.808961428548007,False,True
Micro,all_donors,THNSL2,2,-0.05898,-0.10857,0.9780001156307336,False,True
Micro,all_donors,MGAT4A,11,0.17462,0.05254,0.9795773526135564,False,True
Micro,all_donors,CREG2,2,-0.68695,-0.21177,0.9487537366024528,False,True
Micro,all_donors,IL1R1,9,0.6436,-0.28307,,False,False
Micro,all_donors,IL1A,2,0.09299,-0.86626,0.6758777139832299,False,False
Micro,all_donors,IL1B,1,-1.21053,-0.6693,0.8672063379843421,False,True
Micro,all_donors,MGAT5,36,0.16567,-0.32381,0.5690071403764285,False,False
Micro,all_donors,LYPD6,3,0.30598,0.32126,,False,True
Micro,all_donors,NMI,1,0.36514,-0.17851,0.945356051955198,False,False
Micro,all_donors,TNFAIP6,2,0.52699,-2.10115,,False,False
Micro,all_donors,PLA2R1,3,-0.76579,-3.76504,0.160703218440388,False,True
Micro,all_donors,DPP4,2,-1.12512,-1.35798,0.5549321860741393,False,True
Micro,all_donors,COL5A2,1,0.44526,-0.36108,0.8911296792082682,False,False
Micro,all_donors,TMEFF2,3,-0.92794,-1.45525,0.5773165387866362,False,True
Micro,all_donors,NRP2,2,-0.24479,0.33914,0.8013458300028466,False,False
Micro,all_donors,ADAM23,1,-0.74523,-0.98504,0.523996130894153,False,True
Micro,all_donors,VWC2L,1,-0.05676,-1.80774,,False,True
Micro,all_donors,FN1,1,-0.69009,0.1696,0.96898490928593,False,False
Micro,all_donors,IGFBP5,2,0.34625,0.44308,0.904476088573144,False,True
Micro,all_donors,ABCB6,1,-0.2289,0.83566,,False,False
Micro,all_donors,GLB1L,2,0.07059,-0.67303,,False,False
Micro,all_donors,SCG2,2,0.36464,-0.49632,0.8377157704140609,False,False
Micro,all_donors,SERPINE2,3,0.01405,-0.26554,0.9228560196007934,False,False
Micro,all_donors,COL4A4,1,0.45061,-1.39245,0.637424201235972,False,False
Micro,all_donors,COL4A3,1,0.45061,0.37972,,False,True
Micro,all_donors,SNORC,2,-0.05975,-0.30796,0.912020471534672,False,True
Micro,all_donors,COL6A3,6,-0.32421,-1.46115,,False,True
Micro,all_donors,GPC1,6,-0.4241,-1.05989,0.5723373628334975,False,True
Micro,all_donors,SNED1,12,0.59532,-0.1179,0.9667595159489316,False,False
Micro,all_donors,CHL1,31,-0.04987,-0.65692,0.6885059224886078,False,True
Micro,all_donors,CNTN4,69,0.10624,-1.73002,0.2140501092832226,False,False
Micro,all_donors,IL17RE,2,0.93104,0.04841,,False,True
Micro,all_donors,GHRL,4,0.83436,1.39207,,False,True
Micro,all_donors,FBLN2,6,-0.33093,-1.04679,,False,True
Micro,all_donors,COLQ,7,-0.44773,-0.65949,0.6217302512168293,False,True
Micro,all_donors,BTD,8,0.13056,-0.03938,0.9873080287848106,False,False
Micro,all_donors,TGFBR2,2,0.35172,-0.02277,0.9873080287848106,False,False
Micro,all_donors,CRTAP,1,-0.03948,0.4244,0.6441233114546504,False,False
Micro,all_donors,PDCD6IP,1,0.32628,0.2042,0.7300071764479009,False,True
Micro,all_donors,CCK,4,0.15627,0.81763,0.8062340797060644,False,True
Micro,all_donors,GASK1A,2,0.19365,-0.09631,0.9706657406521864,False,False
Micro,all_donors,CDCP1,2,0.58027,0.18415,0.937861266049894,False,True
Micro,all_donors,CSPG5,1,-0.14256,-0.49075,0.8963305399800725,False,True
Micro,all_donors,PLXNB1,4,-0.65027,-0.64882,0.8896397572358588,False,True
Micro,all_donors,LAMB2,1,0.48364,1.11921,,False,True
Micro,all_donors,DAG1,1,0.14597,-0.55901,0.6589856334238399,False,False
Micro,all_donors,MST1,1,0.2605,1.08392,,False,True
Micro,all_donors,SEMA3B,3,-0.01844,-0.6986,0.8513012317779838,False,True
Micro,all_donors,HYAL1,2,0.10922,-0.63132,,False,False
Micro,all_donors,MANF,1,-0.27028,0.4972,0.8860899111650461,False,False
Micro,all_donors,ITIH4,1,0.06876,-0.18241,0.9625950527535372,False,False
Micro,all_donors,MUSTN1,2,-0.26811,-0.65907,,False,True
Micro,all_donors,WNT5A,6,-0.25628,0.26786,0.8963305399800725,False,False
Micro,all_donors,ADAMTS9,2,-1.51098,-0.81533,,False,True
Micro,all_donors,TAFA1,53,0.41816,-0.90476,0.65731710408827,False,False
Micro,all_donors,TAFA4,1,-0.09586,-1.92822,0.5673497036583184,False,True
Micro,all_donors,EPHA3,1,0.08247,-0.82426,0.8673135670652138,False,False
Micro,all_donors,PROS1,2,-0.06878,-0.74229,0.6121088873267704,False,True
Micro,all_donors,ABI3BP,1,0.88975,0.99244,0.7218173493325906,False,True
Micro,all_donors,NXPE3,4,0.06476,-0.88099,0.5399138313984689,False,False
Micro,all_donors,ALCAM,33,0.0334,0.08775,0.9650657863796048,False,True
Micro,all_donors,CD200R1,2,0.84723,1.24457,0.6132770177471943,False,True
Micro,all_donors,B4GALT4,3,0.36311,0.58159,0.6462244020524555,False,True
Micro,all_donors,FSTL1,1,0.11051,0.27786,,False,True
Micro,all_donors,HEG1,1,0.09196,-0.07898,0.97264289638038,False,False
Micro,all_donors,COL6A6,1,0.51203,-0.84833,,False,False
Micro,all_donors,TF,4,-0.7252,-1.08798,0.7273157005294176,False,True
Micro,all_donors,PCOLCE2,1,-2.07691,-0.77873,,False,True
Micro,all_donors,DIPK2A,1,0.33861,-0.48512,0.5080307409851177,False,False
Micro,all_donors,CPB1,5,0.26726,-0.16815,0.9803097392705172,False,False
Micro,all_donors,CP,2,0.82937,0.72146,0.6725163064050047,False,True
Micro,all_donors,IGSF10,2,-0.40976,-0.81393,0.6533834289632828,False,True
Micro,all_donors,C3orf33,1,-0.17149,-0.51917,0.6735512149380031,False,True
Micro,all_donors,RARRES1,2,0.10352,-0.14163,0.9650657863796048,False,False
Micro,all_donors,BCHE,2,-0.5242,-2.05039,0.3356140365042516,False,True
Micro,all_donors,SERPINI1,1,0.01118,-0.26777,0.9206705313996362,False,False
Micro,all_donors,TNFSF10,1,0.22244,0.14899,0.9494325905997326,False,True
Micro,all_donors,ST6GAL1,29,0.04618,-0.00167,0.9980169068222456,False,False
Micro,all_donors,SST,1,-0.01781,-1.82779,,False,True
Micro,all_donors,IL1RAP,12,0.07458,-0.61343,0.6608922946446754,False,False
Micro,all_donors,APOD,3,-0.88699,0.11328,0.9805166887454124,False,False
Micro,all_donors,MUC20,3,-0.70861,-0.47727,0.895880664527182,False,True
Micro,all_donors,TFRC,1,-0.27481,0.52687,0.8382361450375905,False,False
Micro,all_donors,FBXO45,1,0.30268,-0.50189,0.8125311486299471,False,False
Micro,all_donors,SPON2,11,-0.85444,-0.58203,,False,True
Micro,all_donors,FGFR3,2,0.11883,-0.71956,0.7988745565010873,False,False
Micro,all_donors,C4orf48,1,0.35154,0.29767,0.919153609907122,False,True
Micro,all_donors,CYTL1,2,0.35917,1.59882,0.0496024314009676,True,True
Micro,all_donors,MAN2B2,1,-1.30037,0.11129,0.9475805482961552,False,False
Micro,all_donors,C1QTNF7,20,-0.10053,-1.1693,,False,True
Micro,all_donors,SLIT2,2,-0.67131,-1.3402,0.2163142061320244,False,True
Micro,all_donors,SOD3,1,0.1772,1.1029,,False,True
Micro,all_donors,LGI2,2,-1.09062,0.39843,,False,False
Micro,all_donors,SMIM20,1,0.08782,0.38422,0.8476103313591106,False,True
Micro,all_donors,CORIN,10,-0.12339,-0.34008,,False,True
Micro,all_donors,IGFBP7,1,-1.23895,1.10792,0.6622548807808559,False,False
Micro,all_donors,TMPRSS11D,1,-0.27167,0.61494,,False,False
Micro,all_donors,ADAMTS3,1,-1.59894,-0.87589,,False,True
Micro,all_donors,ANTXR2,1,-0.34009,1.65927,0.3841196249576871,False,False
Micro,all_donors,FGF5,1,-0.04983,-1.26677,,False,True
Micro,all_donors,HPSE,2,0.60313,0.70608,0.6787107453517927,False,True
Micro,all_donors,SPARCL1,3,0.87881,-0.33618,0.8813796214474772,False,False
Micro,all_donors,MEPE,1,-0.45979,0.89937,,False,False
Micro,all_donors,SPP1,4,0.21248,0.69456,0.799197348496348,False,True
Micro,all_donors,PKD2,8,0.21072,-0.13138,0.8264704901159822,False,False
Micro,all_donors,SNCA,1,0.09929,0.25365,0.7148839328096189,False,True
Micro,all_donors,MMRN1,5,-0.44126,-0.76647,0.4681202270484676,False,True
Micro,all_donors,AIMP1,1,0.30902,0.08269,0.9627517009969442,False,True
Micro,all_donors,DKK2,21,0.302,1.21238,,False,True
Micro,all_donors,COL25A1,30,0.30774,0.60779,0.709881669618487,False,True
Micro,all_donors,PLA2G12A,1,0.23617,0.35479,0.7814495284192309,False,True
Micro,all_donors,ARSJ,1,0.08681,2.12628,0.4143595992901437,False,True
Micro,all_donors,FGF2,1,-0.38049,-0.57077,0.7697270834272072,False,True
Micro,all_donors,ABHD18,1,0.42333,0.23285,0.7778457226491369,False,True
Micro,all_donors,PGRMC2,2,-0.1363,-0.33022,0.7736755238176266,False,True
Micro,all_donors,IL15,9,1.196,3.11035,8.404140298272452e-06,True,True
Micro,all_donors,FREM3,1,0.52649,-1.0114,,False,False
Micro,all_donors,HHIP,2,-0.8577,-1.17548,0.7011089116861072,False,True
Micro,all_donors,SFRP2,3,0.82702,-0.05638,,False,False
Micro,all_donors,PDGFC,2,-0.00376,0.64258,0.5050224852417424,False,False
Micro,all_donors,FSTL5,1,0.51615,-0.7683,0.7251943102174963,False,False
Micro,all_donors,CPE,1,-0.04145,-0.12414,0.9706657406521864,False,True
Micro,all_donors,TLL1,1,0.03764,-0.19746,0.9759504508498328,False,False
Micro,all_donors,SPOCK3,24,-0.46213,-1.261,0.6852945343937633,False,True
Micro,all_donors,HMGB2,1,-0.14263,0.74668,0.710106818588408,False,False
Micro,all_donors,SCRG1,1,0.37777,0.52691,0.8649098075048668,False,True
Micro,all_donors,SNX25,3,0.03145,0.07706,0.9581814539076048,False,True
Micro,all_donors,KLKB1,1,-0.22099,0.17743,0.975458362541578,False,False
Micro,all_donors,EXOC3-AS1,2,-0.53988,1.0562,,False,False
Micro,all_donors,ADAMTS16,2,-0.32953,0.24121,0.9603638132725386,False,False
Micro,all_donors,NSUN2,1,0.12642,-0.28917,0.7330122048848159,False,False
Micro,all_donors,PDZD2,1,-1.09336,-1.24343,0.3810439992619597,False,True
Micro,all_donors,ADAMTS12,2,-0.32789,-1.20616,,False,True
Micro,all_donors,C1QTNF3,2,-0.45958,-0.95115,0.3991193199640238,False,True
Micro,all_donors,PRLR,28,0.0914,0.7288,0.8476103313591106,False,True
Micro,all_donors,LIFR,11,-0.96457,-0.89451,0.7697270834272072,False,True
Micro,all_donors,GHR,16,0.09898,-0.87079,,False,False
Micro,all_donors,SELENOP,5,0.58106,0.04078,0.9898055651628004,False,True
Micro,all_donors,IL6ST,5,-0.36379,0.27936,0.8437975088966749,False,False
Micro,all_donors,ADAMTS6,2,-0.43534,-0.90524,,False,True
Micro,all_donors,CARTPT,1,-0.18202,-0.72304,,False,True
Micro,all_donors,CRHBP,2,-0.75828,-0.99175,0.60044498772033,False,True
Micro,all_donors,AGGF1,1,0.3302,0.26475,0.757767691715504,False,True
Micro,all_donors,ZBED3,1,-0.08137,-0.29192,0.9228560196007934,False,True
Micro,all_donors,THBS4,2,0.12744,0.08634,0.980981764527604,False,True
Micro,all_donors,VCAN,2,0.53831,-0.29434,0.9186726331711312,False,False
Micro,all_donors,EDIL3,2,-1.3743,-0.95239,0.7717807693159353,False,True
Micro,all_donors,ARSK,1,0.17388,-0.1514,0.9540119534899698,False,False
Micro,all_donors,PCSK1,2,0.50157,0.42875,,False,True
Micro,all_donors,ERAP1,2,-0.00473,-0.01868,0.9896322861525654,False,True
Micro,all_donors,ERAP2,3,0.47498,0.73018,0.3618471404242805,False,True
Micro,all_donors,LNPEP,2,-0.04748,0.30853,0.5120842013545307,False,False
Micro,all_donors,ST8SIA4,2,-0.07465,0.233,0.8450343916210846,False,False
Micro,all_donors,PAM,2,0.40983,-0.48121,0.7015761196307667,False,False
Micro,all_donors,ADAMTS19,2,-0.85088,-0.1799,0.9408905912850626,False,True
Micro,all_donors,LEAP2,1,0.10659,0.04265,,False,True
Micro,all_donors,FSTL4,1,-0.4512,-0.4117,,False,True
Micro,all_donors,CXCL14,1,0.69962,-0.60138,0.8237686901061453,False,False
Micro,all_donors,TGFBI,7,0.62307,0.78402,0.7570070838178149,False,True
Micro,all_donors,SPOCK1,66,-0.12968,-0.79622,0.799197348496348,False,True
Micro,all_donors,NRG2,33,-0.69476,-1.32903,0.5138708379382443,False,True
Micro,all_donors,HBEGF,1,0.25687,-0.54479,0.8450343916210846,False,False
Micro,all_donors,CD14,2,-0.56077,-0.15045,0.9701692353718796,False,True
Micro,all_donors,PCDHA10,1,0.5265,-1.68607,,False,False
Micro,all_donors,PCDH12,2,-1.06008,-0.76703,0.7187461220731265,False,True
Micro,all_donors,NDFIP1,2,0.60535,0.10575,0.8686385265226542,False,True
Micro,all_donors,FGF1,19,-0.45584,-0.85015,0.7697270834272072,False,True
Micro,all_donors,PCYOX1L,2,-0.21093,0.09914,0.9778021042872208,False,False
Micro,all_donors,ARSI,13,-0.33246,-2.14845,0.4024785638696476,False,True
Micro,all_donors,CD74,3,0.06039,1.06441,0.2598681631689035,False,True
Micro,all_donors,GPX3,2,0.03607,0.82031,,False,True
Micro,all_donors,SPARC,2,-0.37707,0.52418,0.8403410001118216,False,False
Micro,all_donors,TIMD4,5,0.83989,0.89366,,False,True
Micro,all_donors,SLIT3,92,0.47026,-0.50872,0.8797747148419421,False,False
Micro,all_donors,ADAMTS2,1,0.08328,1.36614,0.724238913962369,False,True
Micro,all_donors,SERPINB1,1,-0.85895,0.29563,0.823547476298652,False,False
Micro,all_donors,F13A1,1,0.39171,1.6621,0.4346114487535462,False,True
Micro,all_donors,LY86,2,-0.00223,0.15636,0.9199706632216418,False,False
Micro,all_donors,GFOD1,24,0.0248,-0.54091,0.8747355565679114,False,False
Micro,all_donors,KIAA0319,18,-0.43893,-0.59968,0.8358097042096638,False,True
Micro,all_donors,SCGN,1,0.71847,0.51671,,False,True
Micro,all_donors,GABBR1,2,-0.10666,-0.30749,0.9228560196007934,False,True
Micro,all_donors,HLA-E,2,-0.1939,0.31259,0.7736755238176266,False,False
Micro,all_donors,DDR1,4,0.15347,-0.1448,0.967922918353026,False,False
Micro,all_donors,HCG22,1,0.65083,0.89269,0.6844405862842116,False,True
Micro,all_donors,TNF,2,0.56616,0.34439,,False,True
Micro,all_donors,BAG6,1,-0.27929,-0.2506,0.910216163855802,False,True
Micro,all_donors,APOM,1,-0.27929,0.58246,,False,False
Micro,all_donors,HSPA1A,1,0.17216,0.84803,0.7570070838178149,False,True
Micro,all_donors,C2,8,-0.16746,-1.11381,0.215489918974982,False,True
Micro,all_donors,CFB,1,0.2778,-0.61326,,False,False
Micro,all_donors,TNXB,11,0.06058,-0.936,,False,False
Micro,all_donors,EGFL8,1,-0.34038,-0.17915,,False,True
Micro,all_donors,CUTA,2,-0.39162,0.26616,0.9253652386528424,False,False
Micro,all_donors,SCUBE3,1,-0.1413,-0.75119,,False,True
Micro,all_donors,PI16,5,-0.17557,-0.30799,0.9559516884395556,False,True
Micro,all_donors,TREM2,3,0.56994,0.9251,0.2521849379894885,False,True
Micro,all_donors,VEGFA,1,0.31391,0.4664,0.9032932360920494,False,True
Micro,all_donors,HSP90AB1,1,0.33743,0.25682,0.8860899111650461,False,True
Micro,all_donors,ENPP5,2,0.79364,0.57011,0.8668966669601202,False,True
Micro,all_donors,PLA2G7,2,0.18896,1.07287,0.4580483942102955,False,True
Micro,all_donors,COL21A1,15,0.43452,0.25413,,False,True
Micro,all_donors,EYS,16,-0.16533,0.25119,0.9186726331711312,False,False
Micro,all_donors,COL19A1,3,-0.24914,0.15727,0.9778021042872208,False,False
Micro,all_donors,COL9A1,5,-0.65578,0.26321,,False,False
Micro,all_donors,COL12A1,5,-0.19089,-0.70261,,False,True
Micro,all_donors,CD164,2,0.32279,0.11741,0.913981179683786,False,True
Micro,all_donors,METTL24,1,-0.41364,-0.51897,,False,True
Micro,all_donors,LAMA4,2,-0.67148,-0.24543,,False,True
Micro,all_donors,SMPDL3A,1,0.22394,0.14216,0.9778021042872208,False,True
Micro,all_donors,RSPO3,1,0.03316,-1.38068,0.5280057583500684,False,False
Micro,all_donors,LAMA2,1,-2.52336,-1.60339,0.3810439992619597,False,True
Micro,all_donors,ENPP3,2,-0.61687,1.08984,0.701740271185349,False,False
Micro,all_donors,ENPP1,1,0.41423,0.98386,0.4097652859695936,False,True
Micro,all_donors,FUCA2,1,-0.06544,0.79288,0.4967016330405574,False,False
Micro,all_donors,FNDC1,1,-0.08508,-1.35593,,False,True
Micro,all_donors,RNASET2,1,0.38882,0.44371,0.6354663448256995,False,True
Micro,all_donors,SMOC2,35,0.07426,-0.91631,,False,False
Micro,all_donors,THBS2,2,-0.33725,-0.46796,0.906147037293526,False,True
Micro,all_donors,C6orf120,2,-0.37843,0.71525,0.7032631663249516,False,False
Micro,all_donors,FAM20C,1,0.12537,-0.21897,0.901747553286076,False,False
Micro,all_donors,PDGFA,2,0.05634,-1.19675,0.3713010813359967,False,False
Micro,all_donors,NXPH1,48,0.28368,-1.61224,0.3017104791383133,False,False
Micro,all_donors,THSD7A,1,0.18757,-0.19797,0.955502335909038,False,False
Micro,all_donors,IL6,4,-0.22604,0.03219,,False,False
Micro,all_donors,CCDC126,1,0.49512,0.53516,0.5690071403764285,False,True
Micro,all_donors,NPY,3,0.71379,0.54188,,False,True
Micro,all_donors,HNRNPA2B1,1,0.34195,0.02057,0.9803097392705172,False,True
Micro,all_donors,BMPER,1,0.5524,-0.45608,0.8968875854840254,False,False
Micro,all_donors,AOAH,2,-0.79034,0.19897,0.9121368655916042,False,False
Micro,all_donors,EPDR1,27,0.35929,0.48702,0.8076595068284882,False,True
Micro,all_donors,INHBA,3,0.32577,1.39608,0.6725163064050047,False,True
Micro,all_donors,PPIA,1,0.07531,0.40226,0.7736755238176266,False,True
Micro,all_donors,IGFBP3,3,0.25188,-0.49711,,False,False
Micro,all_donors,VWC2,1,-0.711,-1.2467,0.5455185933760377,False,True
Micro,all_donors,ZPBP,1,0.31582,-1.76522,,False,False
Micro,all_donors,VSTM2A,2,-0.30853,-1.06293,,False,True
Micro,all_donors,EGFR,44,-0.25563,-0.00729,0.9977547860629074,False,True
Micro,all_donors,STX1A,4,0.13568,0.07378,0.9867038242810588,False,True
Micro,all_donors,ELN,1,0.71792,-1.15698,0.7350248295123373,False,False
Micro,all_donors,SSC4D,2,-0.27074,0.45185,,False,False
Micro,all_donors,ZP3,10,-0.29195,1.54874,0.2763861647239366,False,False
Micro,all_donors,FGL2,2,-0.86619,0.60962,0.5080307409851177,False,False
Micro,all_donors,SEMA3C,2,-0.49722,-1.22597,0.6414453369973074,False,True
Micro,all_donors,HGF,1,0.15674,0.32779,0.8826548858985767,False,True
Micro,all_donors,SEMA3E,1,0.16015,1.30155,,False,True
Micro,all_donors,SEMA3A,2,0.64144,-0.03068,,False,False
Micro,all_donors,PON2,1,0.52697,0.02197,0.98738989740453,False,True
Micro,all_donors,TAC1,2,0.00056,-0.07298,0.98738989740453,False,False
Micro,all_donors,NPTX2,1,0.29631,0.56623,,False,True
Micro,all_donors,AZGP1,1,0.88001,1.87179,,False,True
Micro,all_donors,CNPY4,1,-0.04359,-0.26223,,False,True
Micro,all_donors,GPC2,2,0.1226,0.57986,,False,True
Micro,all_donors,PILRA,2,0.28906,0.34226,0.8297864870760757,False,True
Micro,all_donors,PCOLCE,1,0.16944,0.69538,,False,True
Micro,all_donors,SERPINE1,1,0.78375,4.12531,0.0299454565114667,True,True
Micro,all_donors,VGF,3,0.36312,0.07972,,False,True
Micro,all_donors,PLOD3,1,0.56408,-0.13225,0.9623741946807736,False,False
Micro,all_donors,COL26A1,1,0.92457,-1.1498,0.5361499116968472,False,False
Micro,all_donors,LRRC17,2,1.17783,1.60394,,False,True
Micro,all_donors,RELN,1,-1.11052,-0.846,0.7325781023848276,False,True
Micro,all_donors,NAMPT,1,-0.00683,1.59787,0.5003513980186713,False,False
Micro,all_donors,LAMB1,1,-0.54282,-0.62813,0.8125001624496884,False,True
Micro,all_donors,NRCAM,51,0.12329,-0.76926,0.526938144869205,False,False
Micro,all_donors,MDFIC,1,-1.63037,1.4033,0.6492696335191553,False,False
Micro,all_donors,MET,9,-1.31671,-0.52366,0.901747553286076,False,True
Micro,all_donors,FAM3C,2,-0.18526,-0.00136,0.998041641492138,False,True
Micro,all_donors,PTPRZ1,1,-0.60919,-0.42618,0.811161858558147,False,True
Micro,all_donors,HILPDA,2,-0.4826,0.17984,0.9660242942900288,False,False
Micro,all_donors,CALU,1,-0.86735,0.12929,0.9201359764862906,False,False
Micro,all_donors,PTN,1,-0.94255,-1.26183,0.5041582001872024,False,True
Micro,all_donors,EPHB6,1,0.28516,0.38547,,False,True
Micro,all_donors,RARRES2,1,-0.28089,1.32442,,False,False
Micro,all_donors,ANGPT2,1,0.04812,-0.1823,0.9121368655916042,False,False
Micro,all_donors,PRSS51,5,1.0633,0.67611,,False,True
Micro,all_donors,CTSB,1,0.03239,0.53733,0.7697270834272072,False,True
Micro,all_donors,FGF20,1,-0.51287,1.07523,0.4097652859695936,False,False
Micro,all_donors,PDGFRL,2,0.12737,0.11301,,False,True
Micro,all_donors,FGL1,7,0.10978,-1.19394,0.6735512149380031,False,False
Micro,all_donors,ASAH1,2,-0.25909,0.85618,0.0457441830018676,True,False
Micro,all_donors,LPL,1,0.17793,0.64049,0.7697270834272072,False,True
Micro,all_donors,LGI3,2,-0.82507,-0.75413,0.878175102402634,False,True
Micro,all_donors,BMP1,1,-0.39585,-0.48434,0.8213307982631658,False,True
Micro,all_donors,PEBP4,1,-0.14581,0.35824,0.9155731703909236,False,False
Micro,all_donors,LOXL2,1,0.11744,-0.79383,0.7168077720355182,False,False
Micro,all_donors,ADAM28,2,-0.39052,0.07378,0.9707482384034722,False,False
Micro,all_donors,CLU,2,0.2191,0.37807,0.8831277669754881,False,True
Micro,all_donors,NRG1,89,-0.02367,-1.63474,0.2140501092832226,False,True
Micro,all_donors,HTRA4,2,1.36552,0.34156,,False,True
Micro,all_donors,ADAM9,1,0.18192,-0.33017,0.8062340797060644,False,False
Micro,all_donors,SFRP1,1,0.08424,-0.24236,0.9720635861853286,False,False
Micro,all_donors,PLAT,3,0.32167,-1.18482,0.2555463098183301,False,False
Micro,all_donors,PXDNL,2,-0.40315,0.04557,0.9867038242810588,False,False
Micro,all_donors,SDCBP,2,0.05005,0.64917,0.7348185530098384,False,True
Micro,all_donors,GGH,1,0.20168,1.08713,,False,True
Micro,all_donors,CPA6,3,1.82444,1.13335,0.3984022511835094,False,True
Micro,all_donors,SULF1,6,0.0395,-1.08259,,False,False
Micro,all_donors,LY96,1,0.01348,0.27056,0.8836229531762341,False,True
Micro,all_donors,PI15,1,0.34553,-0.97044,,False,False
Micro,all_donors,IL7,2,-0.05649,0.88657,0.5435427031799399,False,False
Micro,all_donors,FABP5,1,0.64948,0.70721,0.6244632716712853,False,True
Micro,all_donors,MMP16,1,-0.47426,-0.75185,0.7609328720124663,False,True
Micro,all_donors,CPQ,1,0.53671,-0.13117,0.8297864870760757,False,False
Micro,all_donors,MATN2,6,-0.25172,-1.49085,0.4409791415413957,False,True
Micro,all_donors,CTHRC1,2,0.33042,-0.23901,,False,False
Micro,all_donors,RSPO2,2,-0.1564,-1.20671,0.7372973783803,False,True
Micro,all_donors,TNFRSF11B,1,0.74969,0.36507,0.9206705313996362,False,True
Micro,all_donors,CCN3,1,-0.15642,0.79373,,False,False
Micro,all_donors,ENPP2,21,-0.01087,-1.4063,0.6020793352287126,False,True
Micro,all_donors,COL14A1,14,0.41136,-1.13922,0.3507701878128739,False,False
Micro,all_donors,TG,31,-0.08514,0.23657,0.9282120337642924,False,False
Micro,all_donors,ST3GAL1,1,0.34191,-0.1691,0.937861266049894,False,False
Micro,all_donors,ADGRB1,9,-0.29096,-0.92946,,False,True
Micro,all_donors,THEM6,1,0.09295,0.2179,0.9475384305750376,False,True
Micro,all_donors,GSDMD,2,0.24852,0.69032,0.7727213250604522,False,True
Micro,all_donors,INSL6,1,-0.547,1.14765,0.5644454035425966,False,False
Micro,all_donors,CD274,2,-0.38157,-0.90098,0.6528208378909074,False,True
Micro,all_donors,PDCD1LG2,4,0.2089,0.24076,0.9301635237274292,False,True
Micro,all_donors,FREM1,16,0.0897,-2.40537,0.2513769322864505,False,False
Micro,all_donors,ADAMTSL1,46,0.13865,-1.90291,0.1871727773399508,False,False
Micro,all_donors,IFNE,1,0.43021,-0.37265,,False,False
Micro,all_donors,TEK,1,-0.18417,-0.88894,,False,True
Micro,all_donors,C9orf72,1,-0.02957,0.53882,0.4658851885143144,False,False
Micro,all_donors,B4GALT1,1,-0.1305,0.09138,0.9724789550345484,False,False
Micro,all_donors,PRSS3,12,-0.21891,-0.19194,,False,True
Micro,all_donors,ENHO,1,0.45893,0.03057,0.9941278953695408,False,True
Micro,all_donors,IL11RA,2,-1.09265,-1.24377,,False,True
Micro,all_donors,MAMDC2,1,-0.21038,-0.29779,0.9186726331711312,False,True
Micro,all_donors,ANXA1,5,0.47151,2.01343,0.5158181638503548,False,True
Micro,all_donors,PCSK5,1,-0.15377,-0.04181,0.9867038242810588,False,True
Micro,all_donors,CTSL,1,-0.27567,0.18926,0.9211935008352488,False,False
Micro,all_donors,OGN,1,0.27553,0.26341,0.9415513723882968,False,True
Micro,all_donors,ASPN,2,0.90411,0.66616,0.8672063379843421,False,True
Micro,all_donors,ECM2,4,0.89249,0.92151,0.7438151861779303,False,True
Micro,all_donors,NINJ1,3,0.1863,-0.13822,0.932037166724274,False,False
Micro,all_donors,COL15A1,1,0.34878,0.34292,0.8958048654910094,False,True
Micro,all_donors,TXN,1,0.15852,0.39689,0.8797747148419421,False,True
Micro,all_donors,SVEP1,1,-0.27958,-1.25202,0.7114840842874363,False,True
Micro,all_donors,COL27A1,2,0.59776,0.5106,,False,True
Micro,all_donors,TNFSF15,2,0.4524,0.66523,,False,True
Micro,all_donors,TNC,6,-0.71309,1.09811,0.63207778775932,False,False
Micro,all_donors,PAPPA,2,-0.24314,0.43481,,False,False
Micro,all_donors,GSN,31,-0.19034,-0.19153,0.7655767572428589,False,True
Micro,all_donors,CRB2,5,-0.92826,0.0735,,False,False
Micro,all_donors,ANGPTL2,1,-0.24651,-0.81414,0.7738173534191239,False,True
Micro,all_donors,TOR2A,1,0.35479,1.48701,,False,True
Micro,all_donors,LAMC3,1,0.73416,-2.79104,,False,False
Micro,all_donors,ADAMTS13,5,-0.07944,-0.4389,,False,True
Micro,all_donors,ADAMTSL2,2,0.36754,0.20511,0.919153609907122,False,True
Micro,all_donors,COL5A1,1,-0.43345,-1.07052,0.5492203169025661,False,True
Micro,all_donors,OLFM1,4,-0.35718,0.2052,0.9430395017851168,False,False
Micro,all_donors,QSOX2,2,0.04565,-0.36696,0.8283606985064745,False,False
Micro,all_donors,EGFL7,2,-0.38768,-0.96494,,False,True
Micro,all_donors,PTGDS,2,-0.08294,0.04822,0.9894804783376452,False,False
Micro,all_donors,DPP7,2,0.30762,0.7541,0.5773165387866362,False,True
Micro,all_donors,IL15RA,1,-0.20436,0.09715,0.9780001156307336,False,False
Micro,all_donors,ITIH5,9,-0.19784,-0.38589,,False,True
Micro,all_donors,CELF2-AS1,2,-0.22451,-0.42359,,False,True
Micro,all_donors,CCDC3,19,-0.02635,-0.59838,0.8050538794251135,False,True
Micro,all_donors,CDNF,2,0.36445,0.74106,,False,True
Micro,all_donors,C1QL3,1,-0.46771,1.06972,,False,False
Micro,all_donors,NRP1,1,0.20139,-0.3284,0.807993931689967,False,False
Micro,all_donors,CXCL12,2,-0.14881,0.69573,0.7114840842874363,False,False
Micro,all_donors,VSTM4,2,-0.36882,-1.25872,0.3914492832531361,False,True
Micro,all_donors,PCDH15,3,-0.05919,-1.13871,0.6477809338864767,False,True
Micro,all_donors,SRGN,3,0.77718,1.58237,0.4052049602310436,False,True
Micro,all_donors,ADAMTS14,3,-0.53607,-0.37093,0.9493913184993104,False,True
Micro,all_donors,PSAP,2,0.33084,0.43768,0.5362853543680635,False,True
Micro,all_donors,SPOCK2,2,0.36277,0.12557,0.9778021042872208,False,True
Micro,all_donors,PLAU,1,0.328,1.99176,,False,True
Micro,all_donors,PLAC9,3,0.09958,0.64294,,False,True
Micro,all_donors,PRXL2A,6,0.53894,0.0233,0.9904305322702802,False,True
Micro,all_donors,NRG3,169,0.05862,-0.96738,0.6528208378909074,False,False
Micro,all_donors,MINPP1,2,0.13449,-0.26814,0.8748721781343721,False,False
Micro,all_donors,PTEN,1,0.35698,-0.11447,0.914174109213936,False,False
Micro,all_donors,RNLS,1,-0.16709,-0.01424,0.9903379012711608,False,True
Micro,all_donors,FAS,1,0.43142,0.54308,0.7348185530098384,False,True
Micro,all_donors,FGFBP3,1,0.04514,0.71759,,False,True
Micro,all_donors,IDE,10,0.04339,-0.142,0.914174109213936,False,False
Micro,all_donors,RBP4,2,1.13418,0.49146,,False,True
Micro,all_donors,LGI1,2,0.19086,0.2027,0.9582847867489864,False,True
Micro,all_donors,TLL2,1,-0.23339,-1.41687,0.6462244020524555,False,True
Micro,all_donors,SLIT1,2,-1.4007,-0.11529,0.973164030379156,False,True
Micro,all_donors,HPSE2,35,0.13349,-2.00519,,False,False
Micro,all_donors,CASP7,7,0.15384,0.24987,0.899268137496385,False,True
Micro,all_donors,FGFR2,18,-0.10462,-1.64606,0.5702660206488002,False,True
Micro,all_donors,HTRA1,3,-0.52807,-0.84409,0.2743771782683973,False,True
Micro,all_donors,FAM24B,1,-0.08794,-0.6098,0.7039778670880393,False,True
Micro,all_donors,CPXM2,2,1.0597,-0.71137,0.8797747148419421,False,False
Micro,all_donors,MMP21,2,1.2051,0.95924,,False,True
Micro,all_donors,ADAM12,2,-2.84477,-0.68272,0.843232992178216,False,True
Micro,all_donors,DEAF1,2,-0.00212,-0.11642,0.9485275043187164,False,True
Micro,all_donors,GATD1,1,-0.95688,0.07454,0.9803097392705172,False,False
Micro,all_donors,CHID1,3,0.29439,0.87939,0.4737128911156139,False,True
Micro,all_donors,CTSD,1,0.17388,1.11025,0.3207502041911426,False,True
Micro,all_donors,SMPD1,1,0.17413,-0.70925,0.7920632564423181,False,False
Micro,all_donors,OLFML1,3,-0.4132,-0.58624,,False,True
Micro,all_donors,TUB,22,-0.14903,-1.5638,0.4385575002071282,False,True
Micro,all_donors,SCUBE2,1,0.22075,-0.60364,0.8293958509898746,False,False
Micro,all_donors,MTRNR2L8,1,-0.28147,-0.32492,0.9447262183655936,False,True
Micro,all_donors,DKK3,2,-0.37855,0.61779,0.7697270834272072,False,False
Micro,all_donors,SPON1,1,1.83443,2.15333,0.0453899426845586,True,True
Micro,all_donors,CALCB,6,0.04516,-0.40805,0.8673135670652138,False,False
Micro,all_donors,NUCB2,1,0.28432,0.33606,0.8125311486299471,False,True
Micro,all_donors,NELL1,2,0.65396,-1.51089,0.3651089620945722,False,False
Micro,all_donors,LUZP2,27,-0.52975,-1.93395,0.0496024314009676,True,True
Micro,all_donors,BDNF,15,-0.08154,1.13882,0.7472766824909725,False,False
Micro,all_donors,CD59,5,0.47222,0.6779,0.4099010669888467,False,True
Micro,all_donors,CD44,13,0.23478,0.886,0.6883394882064087,False,True
Micro,all_donors,PAMR1,12,0.44118,-1.23362,,False,False
Micro,all_donors,FJX1,2,-0.91277,1.15249,,False,False
Micro,all_donors,EXT2,2,0.28168,-0.39693,0.4847482572804165,False,False
Micro,all_donors,C1QTNF4,3,0.18993,0.98743,0.7536949567866826,False,True
Micro,all_donors,PTPRJ,1,-0.05009,0.04479,0.980604549074399,False,False
Micro,all_donors,SERPING1,1,0.10224,-0.36983,0.8747355565679114,False,False
Micro,all_donors,MPEG1,2,0.36788,0.15461,0.964961913439346,False,True
Micro,all_donors,VWCE,6,0.24312,-0.47983,,False,False
Micro,all_donors,FLRT1,2,0.10596,0.05729,,False,True
Micro,all_donors,VEGFB,2,0.31187,0.85612,0.4875821377694684,False,True
Micro,all_donors,LTBP3,4,0.24448,0.08142,0.97264289638038,False,True
Micro,all_donors,EFEMP2,1,0.15568,-0.75117,,False,False
Micro,all_donors,DEFB131B,1,0.43469,0.77075,,False,True
Micro,all_donors,IL18BP,2,0.28146,-0.58525,0.8007261499392141,False,False
Micro,all_donors,FOLR2,2,0.44273,-0.30771,0.8622744253713157,False,False
Micro,all_donors,PRSS23,1,0.33476,-0.38132,,False,False
Micro,all_donors,ENDOD1,1,0.20971,-0.48744,0.8735531319878707,False,False
Micro,all_donors,PDGFD,1,0.27236,-2.28299,0.1565795933461215,False,False
Micro,all_donors,CASP4,3,0.51584,-0.42475,0.813976282517601,False,False
Micro,all_donors,CRYAB,5,-0.48525,-0.28153,0.9286838731204756,False,True
Micro,all_donors,IL18,1,0.79124,0.68457,0.436447099384858,False,True
Micro,all_donors,NCAM1,1,-0.14429,-1.03134,0.6951526153669648,False,True
Micro,all_donors,TMEM25,1,-0.1912,0.06086,,False,False
Micro,all_donors,NECTIN1,2,0.34479,-1.29962,0.4559013559373467,False,False
Micro,all_donors,OAF,1,0.19427,-0.42645,0.8771477320289207,False,False
Micro,all_donors,TECTA,3,-0.08821,-1.68116,,False,True
Micro,all_donors,SORL1,45,-0.1469,0.15632,0.9095906440397228,False,False
Micro,all_donors,ST3GAL4,15,-0.89498,-1.87824,0.4024785638696476,False,True
Micro,all_donors,KIRREL3,1,-0.38595,-1.15739,0.6528208378909074,False,True
Micro,all_donors,ADAMTS8,2,-0.63726,0.00123,,False,False
Micro,all_donors,ADAMTS15,2,0.5221,1.96887,,False,True
Micro,all_donors,JAM3,1,-0.32194,-1.384,0.4099010669888467,False,True
Micro,all_donors,B3GAT1,9,-0.49063,-0.63517,0.81745377114195,False,True
Micro,all_donors,WNT5B,17,0.33161,0.19307,0.9563890685044624,False,True
Micro,all_donors,TULP3,1,0.19942,-0.35883,0.8505753495161877,False,False
Micro,all_donors,VWF,2,0.72414,0.56209,,False,True
Micro,all_donors,CD9,11,0.11662,-0.45967,0.8876810280950601,False,False
Micro,all_donors,TNFRSF1A,2,0.62491,-0.16994,0.9187188353112709,False,False
Micro,all_donors,ACRBP,1,0.66855,-0.04157,,False,False
Micro,all_donors,C1S,15,0.0935,0.20019,0.9206705313996362,False,True
Micro,all_donors,C1RL,1,0.04667,0.12262,0.9513266924926151,False,True
Micro,all_donors,CD163L1,1,-0.56453,1.21225,0.6477809338864767,False,False
Micro,all_donors,CD163,1,0.6246,2.47886,0.1505048420073102,False,True
Micro,all_donors,A2M,3,0.01477,0.24324,0.8836229531762341,False,True
Micro,all_donors,OLR1,3,0.44481,0.59594,0.7844578640765988,False,True
Micro,all_donors,PRB1,2,-0.04614,0.24176,,False,False
Micro,all_donors,PRB2,1,-0.26598,-1.9459,,False,True
Micro,all_donors,SPX,2,0.08385,0.3384,,False,True
Micro,all_donors,OVCH1,1,-0.4425,0.34791,,False,False
Micro,all_donors,NELL2,3,-0.09131,-0.01477,0.9961955127713016,False,True
Micro,all_donors,NPFF,1,0.65451,0.52421,,False,True
Micro,all_donors,CD63,1,0.18419,0.37848,0.8599336211258173,False,True
Micro,all_donors,GDF11,2,0.14892,-0.6799,0.7635727658706115,False,False
Micro,all_donors,MMP19,1,-0.34637,1.7001,,False,False
Micro,all_donors,ERBB3,3,-0.14771,-1.11186,0.7809801186968189,False,True
Micro,all_donors,IL23A,2,0.56463,-0.9084,,False,False
Micro,all_donors,TAC3,6,0.26549,0.25559,,False,True
Micro,all_donors,WIF1,1,0.69772,-0.30065,,False,False
Micro,all_donors,LYZ,1,0.34692,0.59859,0.8050538794251135,False,True
Micro,all_donors,PTPRR,20,-1.29808,-1.89964,0.1646278067534801,False,True
Micro,all_donors,GLIPR1L1,5,0.0472,0.70239,0.7657049194602694,False,True
Micro,all_donors,KITLG,1,0.88611,-0.4045,0.9282120337642924,False,False
Micro,all_donors,DCN,2,-1.22313,1.75824,,False,False
Micro,all_donors,NTN4,1,0.30923,-0.83551,,False,False
Micro,all_donors,IGF1,2,-0.81339,0.14432,0.9709778553583822,False,False
Micro,all_donors,TMEM119,3,0.58409,0.02957,0.9873080287848106,False,True
Micro,all_donors,TCTN1,1,0.35574,0.09375,0.9705911288478344,False,True
Micro,all_donors,OAS1,1,0.38636,0.42617,0.8297864870760757,False,True
Micro,all_donors,GLT1D1,3,-0.54011,-1.92217,0.0081623288810852,True,True
Micro,all_donors,MMP17,5,0.09833,-1.1991,0.4875821377694684,False,False
Micro,all_donors,IL17D,1,-0.13345,-1.33213,,False,True
Micro,all_donors,FGF9,1,0.04936,-0.78381,,False,False
Micro,all_donors,FLT1,35,-0.25562,-0.26331,0.9228560196007934,False,True
Micro,all_donors,HMGB1,21,-0.06471,0.19112,0.8011999040975664,False,False
Micro,all_donors,KL,2,-0.27943,0.18599,,False,False
Micro,all_donors,NHLRC3,1,0.51633,0.32452,0.6779648888149845,False,True
Micro,all_donors,ENOX1,2,-0.2617,-0.988,0.7337205611931022,False,True
Micro,all_donors,ITM2B,3,-0.57428,0.17423,0.8817887256770179,False,False
Micro,all_donors,SERPINE3,3,0.28215,0.47986,,False,True
Micro,all_donors,THSD1,4,-0.51008,-0.09949,0.9784225422075228,False,True
Micro,all_donors,PIBF1,1,0.20209,-0.03593,0.9778021042872208,False,False
Micro,all_donors,CLN5,1,0.00528,-0.128,0.9425980092679456,False,False
Micro,all_donors,SLITRK1,3,-0.83215,-2.1781,0.2813547112829203,False,True
Micro,all_donors,GPC5,35,0.27941,-0.10415,0.9778021042872208,False,False
Micro,all_donors,GPC6,89,0.01925,-0.84165,0.6638198105877773,False,False
Micro,all_donors,ITGBL1,4,-0.26887,-0.37488,,False,True
Micro,all_donors,TNFSF13B,3,0.31787,0.57172,0.6918096997838833,False,True
Micro,all_donors,COL4A1,1,-0.30014,-0.14689,,False,True
Micro,all_donors,COL4A2,1,-0.30014,-1.72918,0.4725155632114472,False,True
Micro,all_donors,GAS6,2,-0.33853,-0.29304,0.8626997302308936,False,True
Micro,all_donors,RNASE4,2,-0.12342,-0.51705,,False,True
Micro,all_donors,RNASE6,2,0.10291,0.2685,0.9199564286553812,False,True
Micro,all_donors,RNASE1,3,0.02028,-0.5334,0.8767395580019713,False,False
Micro,all_donors,RNASE2,1,0.40359,1.49209,0.637424201235972,False,True
Micro,all_donors,C14orf93,1,0.2982,0.21835,0.9137959267210884,False,True
Micro,all_donors,DHRS4L2,9,0.56749,0.48858,0.79923389592474,False,True
Micro,all_donors,COCH,1,0.23459,0.45872,,False,True
Micro,all_donors,FAM177A1,2,-0.14474,-0.06027,0.9778021042872208,False,True
Micro,all_donors,TMX1,1,-0.36147,0.29403,0.7286125559039746,False,False
Micro,all_donors,NID2,1,-0.24478,-3.38107,,False,True
Micro,all_donors,TXNDC16,1,0.12518,-0.04851,0.983125590448718,False,False
Micro,all_donors,ERO1A,1,-0.44095,0.03288,0.9867038242810588,False,False
Micro,all_donors,LGALS3,1,0.57165,1.62286,0.4285105773492187,False,True
Micro,all_donors,SMOC1,3,-0.04127,-1.14079,0.6885059224886078,False,True
Micro,all_donors,PAPLN,5,0.31021,-0.02675,0.9944334774179237,False,False
Micro,all_donors,ENTPD5,1,0.21346,0.23322,0.8958048654910094,False,True
Micro,all_donors,NPC2,1,-0.16942,1.38666,0.0117761626699028,True,False
Micro,all_donors,LTBP2,1,0.78925,0.70425,0.8254732877915085,False,True
Micro,all_donors,TGFB3,3,0.36573,-0.06073,0.98738989740453,False,False
Micro,all_donors,VASH1,6,0.27409,0.0195,0.9884125240330868,False,True
Micro,all_donors,FLRT2,4,-0.24066,-0.53936,0.8589113472803211,False,True
Micro,all_donors,CHGA,2,0.04885,-1.22559,,False,False
Micro,all_donors,SERPINA1,2,0.17774,0.73317,0.7032631663249516,False,True
Micro,all_donors,SERPINA3,1,-0.50269,2.98268,0.3958711981715416,False,False
Micro,all_donors,HHIPL1,2,0.20862,-1.12476,0.5521296742662408,False,False
Micro,all_donors,WDR25,3,0.39177,0.34065,0.7079733160193903,False,True
Micro,all_donors,SCG5,2,-0.17657,-0.0825,0.983125590448718,False,True
Micro,all_donors,GREM1,1,-0.39291,-1.74915,0.4287836443829149,False,True
Micro,all_donors,SPINT1,2,-0.2061,1.58358,,False,False
Micro,all_donors,B2M,2,-0.43969,0.99747,0.2521849379894885,False,False
Micro,all_donors,SORD,6,0.66847,-0.62804,0.6885059224886078,False,False
Micro,all_donors,FBN1,1,-1.08723,-1.88481,0.2694307121000003,False,True
Micro,all_donors,FGF7,2,-0.1001,0.30593,,False,False
Micro,all_donors,GLDN,8,0.35457,1.01609,0.2555463098183301,False,True
Micro,all_donors,SCG3,1,0.67854,0.22557,0.9155731703909236,False,True
Micro,all_donors,LIPC,6,-0.42885,-0.03942,0.9867038242810588,False,True
Micro,all_donors,ANXA2,1,1.07876,2.26352,0.3734538336553789,False,True
Micro,all_donors,PPIB,1,-0.19871,0.71505,0.6735512149380031,False,False
Micro,all_donors,C15orf61,1,0.32994,0.37478,0.849854167375868,False,True
Micro,all_donors,SPESP1,1,0.50871,-0.19809,0.9121368655916042,False,False
Micro,all_donors,THSD4,62,0.49315,-1.56596,0.4681202270484676,False,False
Micro,all_donors,ADPGK,10,0.31813,0.22066,0.7922073987472623,False,True
Micro,all_donors,CEMIP,1,-0.62936,0.38286,0.8382361450375905,False,False
Micro,all_donors,IL16,24,0.11282,0.12192,0.9658874954590236,False,True
Micro,all_donors,ADAMTSL3,2,-0.41557,-1.35423,0.6327582377397328,False,True
Micro,all_donors,NMB,1,0.12518,0.57395,,False,True
Micro,all_donors,MFGE8,2,0.45508,-0.13148,0.9805166887454124,False,False
Micro,all_donors,NGRN,1,0.24678,0.47455,0.7974408516996009,False,True
Micro,all_donors,FURIN,5,0.27267,-1.05541,0.5557727049314108,False,False
Micro,all_donors,RGMA,5,0.19221,0.01918,,False,True
Micro,all_donors,ADAMTS17,1,0.07502,0.51912,0.757767691715504,False,True
Micro,all_donors,CHSY1,1,0.18847,-0.50307,0.6758777139832299,False,False
Micro,all_donors,PCSK6,45,-0.61327,-1.34303,0.6735512149380031,False,True
Micro,all_donors,METRN,2,-0.12712,-0.32061,0.89759172030714,False,True
Micro,all_donors,GNPTG,1,0.14585,-0.08322,0.9667595159489316,False,False
Micro,all_donors,GFER,2,0.20656,1.27771,,False,True
Micro,all_donors,PKD1,2,0.07997,-0.35687,0.797768621911947,False,False
Micro,all_donors,DNASE1,2,0.10725,-0.26397,0.8618677759269882,False,False
Micro,all_donors,C16orf89,1,-0.14373,0.74323,,False,False
Micro,all_donors,XYLT1,1,0.21763,-0.4964,0.6735512149380031,False,False
Micro,all_donors,CLEC19A,2,0.52498,0.2505,0.9206705313996362,False,True
Micro,all_donors,OTOA,3,0.76819,0.29594,,False,True
Micro,all_donors,VWA3A,8,0.44663,-0.92824,,False,False
Micro,all_donors,IL4R,12,0.02258,0.10991,0.9723128631671984,False,True
Micro,all_donors,IL27,3,0.02488,-0.94949,,False,False
Micro,all_donors,CTF1,2,-0.19955,1.02407,,False,False
Micro,all_donors,PRSS53,1,0.46576,-1.19595,,False,False
Micro,all_donors,ITFG1,1,0.25171,0.0762,0.9430395017851168,False,True
Micro,all_donors,MMP2,13,0.24359,0.99915,0.6735512149380031,False,True
Micro,all_donors,RSPRY1,1,0.19387,-0.35339,0.6528208378909074,False,False
Micro,all_donors,CX3CL1,1,0.26835,-0.88684,,False,False
Micro,all_donors,ADGRG1,11,-0.40423,-0.17198,0.9136662455451328,False,True
Micro,all_donors,CKLF,2,-0.81347,0.17339,0.912020471534672,False,False
Micro,all_donors,CES4A,4,0.0441,-0.64519,0.8232550417028589,False,False
Micro,all_donors,GFOD2,1,-0.40402,0.40337,0.8273210098527021,False,False
Micro,all_donors,NRN1L,2,-0.60158,-0.14341,,False,True
Micro,all_donors,LCAT,3,-0.33633,-0.66262,,False,True
Micro,all_donors,PLA2G15,3,0.30271,0.02769,0.9869621732378084,False,True
Micro,all_donors,ST3GAL2,11,-0.02704,-0.31955,0.7884167284388122,False,True
Micro,all_donors,IL34,14,-0.3254,-0.96153,,False,True
Micro,all_donors,ADAMTS18,1,0.18258,-2.19063,0.664010810679944,False,False
Micro,all_donors,MBTPS1,1,0.00022,0.202,0.7883780924748035,False,True
Micro,all_donors,CRISPLD2,2,0.39218,-0.32348,0.9475805482961552,False,False
Micro,all_donors,SERPINF2,4,0.39969,0.93348,,False,True
Micro,all_donors,SERPINF1,2,0.20031,-0.11513,0.979881600644248,False,False
Micro,all_donors,CYB5D2,1,0.33624,0.27935,0.8831277669754881,False,True
Micro,all_donors,CXCL16,1,0.19307,0.72968,0.4847482572804165,False,True
Micro,all_donors,VMO1,1,0.573,1.52801,,False,True
Micro,all_donors,C1QBP,1,0.14682,0.50335,0.7974408516996009,False,True
Micro,all_donors,TNFSF12,1,-0.70268,0.59031,0.7034059656945874,False,False
Micro,all_donors,TNFSF13,2,0.19902,0.29443,0.9206705313996362,False,True
Micro,all_donors,NTN1,2,0.00993,-0.37697,,False,False
Micro,all_donors,MTRNR2L1,2,0.82286,0.4672,0.9667595159489316,False,True
Micro,all_donors,LGALS9,3,-0.14354,1.05537,0.0272680826378428,True,False
Micro,all_donors,SDF2,1,-0.96454,-0.02411,0.9901023463520175,False,True
Micro,all_donors,DHRS13,1,0.13038,-0.49222,,False,False
Micro,all_donors,ABHD15,2,0.59023,0.54887,0.8298811616844042,False,True
Micro,all_donors,TMEM98,1,-0.2525,-1.20479,0.7286125559039746,False,True
Micro,all_donors,CCL2,1,-0.65971,-0.2052,0.9709778553583822,False,True
Micro,all_donors,MMP28,2,0.08298,-0.56259,0.8778805032297834,False,False
Micro,all_donors,CCL3,2,0.49704,0.90657,0.775839884358835,False,True
Micro,all_donors,CCL4,2,0.86873,2.39065,0.4681202270484676,False,True
Micro,all_donors,CCL3L1,2,0.50282,3.78762,0.3123346880471405,False,True
Micro,all_donors,CCL4L2,2,0.48847,2.23236,0.7162941945052324,False,True
Micro,all_donors,DHRS11,1,0.05179,-0.51128,,False,False
Micro,all_donors,PLXDC1,2,-0.66668,0.2719,0.9421807579758044,False,False
Micro,all_donors,IFI35,1,0.43042,0.9047,0.7566319016239506,False,True
Micro,all_donors,GRN,3,0.04391,0.48738,0.7250497823731302,False,True
Micro,all_donors,MAPT,19,-0.54911,-0.90521,0.6735512149380031,False,True
Micro,all_donors,XYLT2,1,0.51141,-0.27672,0.914174109213936,False,False
Micro,all_donors,SPATA20,1,0.48527,1.01351,0.5399138313984689,False,True
Micro,all_donors,CA10,3,-0.46702,-1.7512,0.2763861647239366,False,True
Micro,all_donors,C17orf67,1,0.20897,0.41186,0.7697270834272072,False,True
Micro,all_donors,SCPEP1,1,0.22242,0.68975,0.4139726100603056,False,True
Micro,all_donors,FAM20A,13,-0.01459,0.77011,0.836273330164571,False,False
Micro,all_donors,TIMP2,18,0.09847,0.21656,0.793118182865986,False,True
Micro,all_donors,LGALS3BP,1,0.00791,-0.3742,0.914174109213936,False,False
Micro,all_donors,CANT1,5,0.27199,-0.72765,0.6710647991296044,False,False
Micro,all_donors,NPTX1,3,0.26138,-0.49349,0.8834295608112228,False,False
Micro,all_donors,P4HB,1,0.27869,0.53527,0.7315041475657473,False,True
Micro,all_donors,METRNL,1,0.57275,0.91854,0.8086439025304105,False,True
Micro,all_donors,CLUL1,5,0.53054,0.14426,,False,True
Micro,all_donors,EMILIN2,3,-0.11532,0.3392,0.914174109213936,False,False
Micro,all_donors,LAMA1,25,0.41264,-0.37671,,False,False
Micro,all_donors,TWSG1,1,0.30514,0.13823,0.921936628194486,False,True
Micro,all_donors,LAMA3,29,-0.38031,-1.52738,,False,True
Micro,all_donors,CHST9,8,-0.03029,-0.42334,0.9199706632216418,False,True
Micro,all_donors,TTR,8,0.2822,-1.9274,0.3279011766858833,False,False
Micro,all_donors,GALNT1,1,-0.15372,0.43799,0.538526932685135,False,False
Micro,all_donors,LIPG,4,0.36581,2.59732,0.0337516982810393,True,True
Micro,all_donors,C18orf54,1,0.13427,-0.1687,0.9416758205219352,False,False
Micro,all_donors,TCF4,89,-0.25145,-0.21868,0.8672063379843421,False,True
Micro,all_donors,CCBE1,36,0.10823,-0.72595,0.8237686901061453,False,False
Micro,all_donors,CBLN2,17,0.34494,-1.67203,0.4681202270484676,False,False
Micro,all_donors,NETO1,2,-0.59823,-0.76702,0.7618496213223617,False,True
Micro,all_donors,CNDP1,1,-0.01245,-1.29599,0.6559694113328579,False,True
Micro,all_donors,FSTL3,3,0.13948,0.61946,,False,True
Micro,all_donors,CFD,2,0.44376,0.53912,0.8657801500112366,False,True
Micro,all_donors,IZUMO4,1,-0.24444,1.00131,,False,False
Micro,all_donors,EBI3,1,0.25065,0.20452,0.9228560196007934,False,True
Micro,all_donors,MYDGF,2,-0.21309,0.76223,0.5399138313984689,False,False
Micro,all_donors,HSD11B1L,1,0.44863,-0.39234,0.9096035911977662,False,False
Micro,all_donors,C3,2,0.37412,-0.23033,0.9078045282981672,False,False
Micro,all_donors,ANGPTL4,2,0.02276,0.48581,,False,True
Micro,all_donors,ADAMTS10,4,-0.09733,0.12765,0.9525913566942152,False,False
Micro,all_donors,OLFM2,19,0.37179,-0.59396,0.7015761196307667,False,False
Micro,all_donors,ANGPTL6,3,0.02617,-0.29104,,False,False
Micro,all_donors,EPOR,2,0.08539,0.24296,0.916988997935279,False,True
Micro,all_donors,MAN2B1,2,0.26363,0.11955,0.94557585008176,False,True
Micro,all_donors,CALR,1,0.48801,0.42566,0.8397807847563443,False,True
Micro,all_donors,SAMD1,1,-0.08064,-0.28362,0.9151068584897082,False,True
Micro,all_donors,ADGRE5,1,0.25797,-1.04978,0.5549741272807293,False,False
Micro,all_donors,ADGRE3,4,0.20753,0.65715,,False,True
Micro,all_donors,CPAMD8,2,1.22312,-0.36231,,False,False
Micro,all_donors,IFI30,1,0.4794,1.22546,0.4477463444705176,False,True
Micro,all_donors,CRLF1,2,-0.18624,0.87619,,False,False
Micro,all_donors,NCAN,3,0.23818,-0.88215,0.7477273087441679,False,False
Micro,all_donors,GPI,1,-0.00055,-0.24262,0.8273210098527021,False,True
Micro,all_donors,SCGB2B2,13,0.11663,-0.98307,0.3991193199640238,False,False
Micro,all_donors,SCN1B,2,0.05093,-0.3094,0.8377157704140609,False,False
Micro,all_donors,LGI4,1,-0.91494,-0.24775,0.958657302734436,False,True
Micro,all_donors,HAMP,3,0.12214,0.01883,0.996841877751159,False,True
Micro,all_donors,CATSPERG,1,-0.18469,-0.73594,0.5158412178622995,False,True
Micro,all_donors,FCGBP,6,0.81644,0.63222,0.7717807693159353,False,True
Micro,all_donors,LTBP4,7,0.21684,-0.33663,0.912020471534672,False,False
Micro,all_donors,TGFB1,2,-0.15134,-0.18394,0.903451413586404,False,True
Micro,all_donors,CEACAM1,1,0.27196,1.37336,0.3810439992619597,False,True
Micro,all_donors,PSG8,9,-0.55447,-0.68122,,False,True
Micro,all_donors,PINLYP,2,0.17417,0.49484,,False,True
Micro,all_donors,PLAUR,2,-0.12002,0.52663,0.8232550417028589,False,False
Micro,all_donors,PVR,1,0.26005,0.04615,0.9884125240330868,False,True
Micro,all_donors,APOE,3,0.42042,1.12143,0.0982944372529678,True,True
Micro,all_donors,APOC1,2,-0.61712,1.89978,0.0238024598252908,True,False
Micro,all_donors,APOC4,1,0.2868,0.4575,,False,True
Micro,all_donors,APOC2,4,0.1553,0.28023,0.910216163855802,False,True
Micro,all_donors,IGFL4,7,0.3443,-0.53922,,False,False
Micro,all_donors,FKRP,2,0.14432,-0.12392,0.9658629151379086,False,False
Micro,all_donors,CA11,1,-0.0567,0.55487,0.8771477320289207,False,False
Micro,all_donors,NUCB1,1,-0.20323,0.08707,0.9778021042872208,False,False
Micro,all_donors,FLT3LG,2,-0.40355,-0.19886,,False,True
Micro,all_donors,IL4I1,9,0.21297,1.21292,0.6779648888149845,False,True
Micro,all_donors,EMC10,2,-0.75683,-0.14303,0.96662662111341,False,True
Micro,all_donors,CLEC11A,2,0.05001,0.61131,0.844016022768927,False,True
Micro,all_donors,KLK6,1,-0.02816,-0.85405,0.7928835833559809,False,True
Micro,all_donors,IGLON5,2,0.76498,-0.79622,,False,False
Micro,all_donors,SIGLEC10,2,0.29832,0.07973,0.9790094959447708,False,True
Micro,all_donors,OSCAR,2,0.28232,0.00119,0.99914225344021,False,True
Micro,all_donors,LAIR2,1,0.55995,-0.18268,,False,False
Micro,all_donors,LILRA2,1,-0.53111,0.47509,0.7199293538772858,False,False
Micro,all_donors,LILRB1,3,0.25973,0.28265,0.888558713622352,False,True
Micro,all_donors,FCAR,2,0.56224,1.21551,0.6121088873267704,False,True
Micro,all_donors,EDDM13,2,1.17782,-0.13665,0.9719639080242796,False,False
Micro,all_donors,A1BG,1,0.00811,0.62196,0.8130055267153142,False,True
Micro,all_donors,RSPO4,2,-0.84123,-0.32822,,False,True
Micro,all_donors,PDYN,2,0.46258,0.86336,,False,True
Micro,all_donors,ATRN,1,-0.20412,0.27643,0.7094790527057141,False,False
Micro,all_donors,SIGLEC1,1,0.51397,0.79747,0.787540684211597,False,True
Micro,all_donors,C20orf27,2,0.24479,0.16336,0.9392564013487562,False,True
Micro,all_donors,CHGB,2,-0.62113,0.75868,0.807993931689967,False,False
Micro,all_donors,FLRT3,1,0.04521,-0.68336,0.784719906287843,False,False
Micro,all_donors,PCSK2,2,-0.35322,-0.79583,0.6694787257623794,False,True
Micro,all_donors,CST3,2,0.62247,0.444,0.7776089339870019,False,True
Micro,all_donors,CST7,3,0.93262,-0.94987,,False,False
Micro,all_donors,ENTPD6,1,-0.63135,0.22706,0.8739923334022928,False,False
Micro,all_donors,ASIP,11,0.55256,-0.44434,,False,False
Micro,all_donors,MMP24,1,0.29732,0.11216,0.967922918353026,False,True
Micro,all_donors,SOGA1,2,0.41099,-0.00529,0.9961919226004656,False,False
Micro,all_donors,VSTM2L,2,0.23378,0.23965,0.9679368244186296,False,True
Micro,all_donors,SDC4,1,0.52139,-0.75001,0.8062219581709099,False,False
Micro,all_donors,PLTP,1,0.66213,0.01236,0.9975867760024753,False,True
Micro,all_donors,CD40,1,0.10114,-0.38006,0.81745377114195,False,False
Micro,all_donors,SULF2,1,-1.37978,-1.61412,0.1321999672855714,False,True
Micro,all_donors,BMP7,1,-0.1704,-0.98858,0.6624082141155332,False,True
Micro,all_donors,GNAS,21,0.35955,0.1404,0.8833326616255912,False,True
Micro,all_donors,LAMA5,1,-0.51018,-0.96984,,False,True
Micro,all_donors,COL9A3,1,-0.11054,-0.84428,0.8836229531762341,False,True
Micro,all_donors,CXADR,1,-0.15513,-0.11303,0.9206705313996362,False,True
Micro,all_donors,APP,8,0.11376,-1.06826,0.4053486001848584,False,False
Micro,all_donors,ADAMTS1,2,-0.37293,-0.18927,,False,True
Micro,all_donors,C21orf62,1,0.48012,0.64268,,False,True
Micro,all_donors,IFNAR2,1,0.35606,0.1718,0.920557097387778,False,True
Micro,all_donors,DSCAM,91,0.46965,0.16848,0.9253652386528424,False,True
Micro,all_donors,FAM3B,2,-2.09963,-2.48507,,False,True
Micro,all_donors,COL18A1,14,0.57139,-0.23135,0.9136662455451328,False,False
Micro,all_donors,S100B,2,0.24577,-0.10075,0.9779740533145884,False,False
Micro,all_donors,IL17RA,1,-0.48453,0.08392,0.9764696328831908,False,False
Micro,all_donors,ADA2,5,-0.64608,0.35171,0.8436023954634319,False,False
Micro,all_donors,C22orf39,1,-0.73118,-0.59854,0.7251943102174963,False,True
Micro,all_donors,SERPIND1,4,0.28415,0.31697,,False,True
Micro,all_donors,MIF,1,0.42474,0.74502,0.6354663448256995,False,True
Micro,all_donors,EMID1,1,0.05897,-0.79892,0.4847482572804165,False,False
Micro,all_donors,OSM,3,-0.04685,1.07137,,False,False
Micro,all_donors,TCN2,3,0.35281,0.33954,,False,True
Micro,all_donors,TIMP3,3,0.29083,0.30048,0.932037166724274,False,True
Micro,all_donors,APOL1,2,0.15371,0.16519,,False,True
Micro,all_donors,C1QTNF6,2,0.00242,0.11714,0.9778021042872208,False,True
Micro,all_donors,LGALS1,1,0.60062,1.07042,0.6132770177471943,False,True
Micro,all_donors,PDGFB,4,0.27958,1.07538,0.2362356191235299,False,True
Micro,all_donors,CHADL,2,-0.02926,-1.2304,0.6244632716712853,False,True
Micro,all_donors,CCDC134,1,0.05718,-0.56695,0.7974408516996009,False,False
Micro,all_donors,FBLN1,3,0.54995,0.04571,,False,True
Micro,all_donors,WNT7B,5,0.63408,-0.61925,,False,False
Micro,all_donors,TAFA5,61,-0.33622,-0.72176,0.7438151861779303,False,True
Micro,all_donors,CSF2RA,5,0.28182,0.02892,0.9873080287848106,False,True
Micro,all_donors,DHRSX,2,0.3227,-0.49413,0.4875821377694684,False,False
Micro,all_donors,ANOS1,1,0.51387,0.20077,0.9151068584897082,False,True
Micro,all_donors,VEGFD,2,0.35834,-0.45259,,False,False
Micro,all_donors,APOO,1,0.5165,0.02677,0.9873080287848106,False,True
Micro,all_donors,SRPX,1,0.31832,-0.78738,,False,False
Micro,all_donors,NDP,2,-0.03239,-1.17905,0.7472766824909725,False,True
Micro,all_donors,DIPK2B,1,0.50593,-1.30938,0.7292794335786829,False,False
Micro,all_donors,TIMP1,1,0.35007,1.87223,0.5575498415748815,False,True
Micro,all_donors,PCSK1N,2,0.02475,0.95084,0.6411030097559604,False,True
Micro,all_donors,EDA,5,0.2811,0.14949,0.919153609907122,False,True
Micro,all_donors,PDZD11,1,0.41196,0.91842,,False,True
Micro,all_donors,COL4A5,9,0.1178,-1.15598,0.7635816968751505,False,False
Micro,all_donors,CHRDL1,1,0.60342,-0.55565,,False,False
Micro,all_donors,PGRMC1,1,-0.06756,0.35941,0.9001135606145372,False,False
Micro,all_donors,ENOX2,38,0.13415,0.00789,0.996044404275248,False,True
Micro,all_donors,GPC4,2,0.74531,-0.22401,,False,False
Micro,all_donors,FGF13,15,0.4535,0.08874,0.980981764527604,False,True
Micro,all_donors,CD99L2,1,-0.38467,-0.07281,0.9461719634776844,False,True
Micro,all_donors,FAM3A,1,-0.51236,-0.7541,0.7180998659126726,False,True
Micro,all_donors,F8,3,-0.08816,0.31603,0.902195484978374,False,False
Micro,min10_cells,ISG15,5,0.16881,1.14959,,False,True
Micro,min10_cells,AGRN,1,0.04435,0.59906,,False,True
Micro,min10_cells,VWA1,3,-0.45112,-1.17461,0.769730506438086,False,True
Micro,min10_cells,TNFRSF25,1,0.56898,-0.96888,0.4099010669888467,False,False
Micro,min10_cells,CORT,1,-0.19198,-1.46697,,False,True
Micro,min10_cells,TNFRSF1B,2,0.11388,-0.03116,0.9898055651628004,False,False
Micro,min10_cells,NBL1,14,-0.01959,0.50473,0.7367546475607115,False,False
Micro,min10_cells,PLA2G2C,2,-0.09629,0.17707,,False,False
Micro,min10_cells,HSPG2,2,0.16449,-0.88474,,False,False
Micro,min10_cells,C1QA,2,0.08156,1.17931,0.5876998172197687,False,True
Micro,min10_cells,C1QC,3,-0.21496,0.66364,0.6791521267975196,False,False
Micro,min10_cells,C1QB,3,0.07929,0.76824,0.709881669618487,False,True
Micro,min10_cells,COL16A1,3,-0.27806,-1.39495,0.6528208378909074,False,True
Micro,min10_cells,ADGRB2,5,-0.26335,-0.86607,0.6735512149380031,False,True
Micro,min10_cells,COL8A2,7,0.24929,0.19476,0.9446140431285552,False,True
Micro,min10_cells,CSF3R,1,0.17052,0.06294,0.971992217960964,False,True
Micro,min10_cells,EPHA10,3,-0.32389,-2.06079,,False,True
Micro,min10_cells,BMP8A,3,-0.05722,-0.93659,,False,True
Micro,min10_cells,PPT1,6,-0.37857,-0.20706,0.8813796214474772,False,True
Micro,min10_cells,COL9A2,1,-0.18546,-0.36436,0.8820399783777368,False,True
Micro,min10_cells,YBX1,1,-0.09231,0.56481,0.2215591496145268,False,False
Micro,min10_cells,P3H1,1,0.05676,0.43857,0.7697270834272072,False,True
Micro,min10_cells,SVBP,1,0.34659,0.57774,0.6735512149380031,False,True
Micro,min10_cells,ST3GAL3,7,-0.05948,-0.06276,0.9659688312528848,False,True
Micro,min10_cells,SPATA6,1,-0.10587,-0.23246,0.9206705313996362,False,True
Micro,min10_cells,GPX7,1,0.01381,-0.6156,,False,False
Micro,min10_cells,LRP8,1,0.2723,-0.07065,0.9780001156307336,False,False
Micro,min10_cells,LEPR,20,0.00465,0.65643,0.6236847938020257,False,True
Micro,min10_cells,COL24A1,1,-0.83,-0.97511,0.7880901627144067,False,True
Micro,min10_cells,CLCA4,1,-0.52306,-0.99427,0.806779781686456,False,True
Micro,min10_cells,GBP1,1,0.39986,1.28587,0.5876998172197687,False,True
Micro,min10_cells,TGFBR3,9,-0.32719,-0.3988,0.9095906440397228,False,True
Micro,min10_cells,F3,2,-0.14777,-0.33935,0.9254183321794844,False,True
Micro,min10_cells,EXTL2,1,-0.17795,0.1455,0.9206705313996362,False,False
Micro,min10_cells,OLFM3,25,-0.24637,-1.1818,0.4685481611408899,False,True
Micro,min10_cells,COL11A1,1,-0.63578,-0.97725,0.6735512149380031,False,True
Micro,min10_cells,AMY2B,3,-0.66056,0.38337,0.7942643173548676,False,False
Micro,min10_cells,CSF1,2,-0.50206,-2.28575,0.1115638424745708,False,True
Micro,min10_cells,CHI3L2,12,-0.0509,-0.02367,,False,True
Micro,min10_cells,WNT2B,3,0.1418,0.35848,0.8146520289222999,False,True
Micro,min10_cells,OLFML3,2,-0.29538,-0.96416,0.6379572239164886,False,True
Micro,min10_cells,NOTCH2NLA,1,0.44044,1.39579,0.2598681631689035,False,True
Micro,min10_cells,NOTCH2NLC,1,-0.57947,0.52471,0.5907731085476897,False,False
Micro,min10_cells,C1orf54,3,0.0973,0.24271,0.9367020682153148,False,True
Micro,min10_cells,ECM1,3,-0.38955,-0.4181,,False,True
Micro,min10_cells,ADAMTSL4,2,0.18525,0.60402,0.807993931689967,False,True
Micro,min10_cells,CTSS,2,0.22509,0.41513,0.6885059224886078,False,True
Micro,min10_cells,CTSK,2,0.03373,-0.85848,,False,False
Micro,min10_cells,C1orf56,2,0.1554,0.3575,0.9206705313996362,False,True
Micro,min10_cells,TUFT1,1,0.32295,-0.40172,,False,False
Micro,min10_cells,S100A9,1,-0.20854,-0.83661,0.8956558874220416,False,True
Micro,min10_cells,S100A8,1,-0.11211,0.47032,0.9667595159489316,False,False
Micro,min10_cells,S100A4,3,0.76544,2.57233,,False,True
Micro,min10_cells,S100A13,2,-0.02432,0.35455,0.8977384179874063,False,False
Micro,min10_cells,IL6R,3,0.0678,-0.06397,0.9720635861853286,False,False
Micro,min10_cells,EFNA4,2,0.08151,0.06511,,False,True
Micro,min10_cells,EFNA1,2,-0.69241,-0.8238,0.8708743235694949,False,True
Micro,min10_cells,THBS3,1,-0.14176,-1.37911,0.5338205962443436,False,True
Micro,min10_cells,NAXE,2,-0.0118,-1.00956,0.5723373628334975,False,True
Micro,min10_cells,HAPLN2,1,-0.09062,-0.32521,0.970157682498792,False,True
Micro,min10_cells,BCAN,2,0.01136,-0.96085,0.6671678028922148,False,False
Micro,min10_cells,HDGF,1,0.20776,0.1223,0.9544903241675484,False,True
Micro,min10_cells,COPA,1,-0.09593,-0.1268,0.888558713622352,False,True
Micro,min10_cells,ADAMTS4,4,-0.24586,-1.1136,0.6617165403336887,False,True
Micro,min10_cells,FCGR3A,1,0.2181,0.89489,0.6856874023133201,False,True
Micro,min10_cells,OLFML2B,14,-0.02495,-0.07687,0.9778021042872208,False,True
Micro,min10_cells,CREG1,1,0.09128,-0.11489,0.9416758205219352,False,False
Micro,min10_cells,TNR,3,1.0297,-0.8989,0.6750463040128781,False,False
Micro,min10_cells,PAPPA2,1,0.09246,-0.2123,0.9667595159489316,False,False
Micro,min10_cells,BRINP2,1,-1.13015,-1.54447,0.2763861647239366,False,True
Micro,min10_cells,ANGPTL1,1,-0.27094,1.15656,0.5753011388704267,False,False
Micro,min10_cells,QSOX1,2,0.03555,-0.17578,0.888558713622352,False,False
Micro,min10_cells,MR1,1,0.42156,0.4894,0.710106818588408,False,True
Micro,min10_cells,LAMC1,1,0.16343,-0.30082,,False,False
Micro,min10_cells,HMCN1,1,-0.76744,0.49016,,False,False
Micro,min10_cells,BRINP3,3,-0.03192,-1.0431,0.6132770177471943,False,True
Micro,min10_cells,CRB1,31,-0.57617,-1.0772,0.6198579753210873,False,True
Micro,min10_cells,RNPEP,1,0.09269,0.40633,0.7259720683331383,False,True
Micro,min10_cells,CHI3L1,2,-0.1097,0.25702,,False,False
Micro,min10_cells,CHIT1,1,-0.26859,0.41659,,False,False
Micro,min10_cells,CNTN2,2,-0.12822,-1.04427,0.7573383230288919,False,True
Micro,min10_cells,PM20D1,2,0.41196,-0.74707,,False,False
Micro,min10_cells,IL10,3,-0.08829,1.87965,,False,False
Micro,min10_cells,IL19,17,0.04506,1.1195,,False,True
Micro,min10_cells,CD55,1,-0.04131,-0.02627,0.98738989740453,False,True
Micro,min10_cells,CR1L,1,-0.34562,-0.84796,,False,True
Micro,min10_cells,NENF,1,-0.28966,-0.00473,0.9980169068222456,False,True
Micro,min10_cells,VASH2,2,-0.28991,-0.26334,,False,True
Micro,min10_cells,USH2A,2,-0.34552,-0.4149,,False,True
Micro,min10_cells,TGFB2,3,0.34205,-0.30426,0.9129355239377436,False,False
Micro,min10_cells,SUSD4,1,-0.79976,-0.58583,0.7521741425865859,False,True
Micro,min10_cells,LEFTY1,2,-0.56959,-1.79388,,False,True
Micro,min10_cells,GALNT2,1,0.04203,0.04224,0.9780001156307336,False,True
Micro,min10_cells,AGT,1,0.22612,0.43896,0.9201359764862906,False,True
Micro,min10_cells,NLRP3,2,0.29441,-0.00718,0.9972247402264676,False,False
Micro,min10_cells,ALKAL2,1,0.39573,-0.49138,,False,False
Micro,min10_cells,COLEC11,5,-0.73963,1.72829,,False,False
Micro,min10_cells,POMC,1,0.082,-1.06508,,False,False
Micro,min10_cells,EMILIN1,1,-0.39769,-1.18788,0.6153790124989863,False,True
Micro,min10_cells,CGREF1,2,0.29905,-0.64606,0.8305729403192966,False,False
Micro,min10_cells,UCN,2,0.29791,0.60284,,False,True
Micro,min10_cells,FNDC4,1,-0.41198,1.6651,,False,False
Micro,min10_cells,LTBP1,27,-0.13124,-2.01701,0.2782409555314638,False,True
Micro,min10_cells,CRIM1,2,0.19046,-0.23549,0.8836229531762341,False,False
Micro,min10_cells,QPCT,2,-0.91468,-1.25736,0.4581765734698362,False,True
Micro,min10_cells,PKDCC,2,0.18367,0.17527,0.9709271537040912,False,True
Micro,min10_cells,EFEMP1,1,-0.60944,0.31962,,False,False
Micro,min10_cells,TGFA,2,-0.08451,-0.39252,0.7372973783803,False,True
Micro,min10_cells,PRADC1,1,0.16327,0.68913,0.8137590778723318,False,True
Micro,min10_cells,LOXL3,1,-0.15508,0.31528,0.7815773652464636,False,False
Micro,min10_cells,GNLY,1,0.02807,0.78555,0.808961428548007,False,True
Micro,min10_cells,THNSL2,2,-0.24108,-0.10857,0.9780001156307336,False,True
Micro,min10_cells,MGAT4A,11,-0.01551,0.05254,0.9795773526135564,False,False
Micro,min10_cells,CREG2,2,-0.8636,-0.21177,0.9487537366024528,False,True
Micro,min10_cells,IL1R1,9,0.46346,-0.28307,,False,False
Micro,min10_cells,IL1A,2,-0.08716,-0.86626,0.6758777139832299,False,True
Micro,min10_cells,IL1B,1,-0.07269,-0.6693,0.8672063379843421,False,True
Micro,min10_cells,MGAT5,36,0.28688,-0.32381,0.5690071403764285,False,False
Micro,min10_cells,LYPD6,3,0.12371,0.32126,,False,True
Micro,min10_cells,NMI,1,0.18564,-0.17851,0.945356051955198,False,False
Micro,min10_cells,TNFAIP6,2,0.45763,-2.10115,,False,False
Micro,min10_cells,PLA2R1,3,-0.939,-3.76504,0.160703218440388,False,True
Micro,min10_cells,DPP4,2,-0.01121,-1.35798,0.5549321860741393,False,True
Micro,min10_cells,COL5A2,1,0.37646,-0.36108,0.8911296792082682,False,False
Micro,min10_cells,TMEFF2,3,-0.27405,-1.45525,0.5773165387866362,False,True
Micro,min10_cells,NRP2,2,0.50868,0.33914,0.8013458300028466,False,True
Micro,min10_cells,ADAM23,1,-0.92857,-0.98504,0.523996130894153,False,True
Micro,min10_cells,VWC2L,1,-0.20747,-1.80774,,False,True
Micro,min10_cells,FN1,1,-0.86665,0.1696,0.96898490928593,False,False
Micro,min10_cells,IGFBP5,2,0.20713,0.44308,0.904476088573144,False,True
Micro,min10_cells,ABCB6,1,0.17086,0.83566,,False,True
Micro,min10_cells,GLB1L,2,-0.11558,-0.67303,,False,True
Micro,min10_cells,SCG2,2,0.25769,-0.49632,0.8377157704140609,False,False
Micro,min10_cells,SERPINE2,3,-0.16249,-0.26554,0.9228560196007934,False,True
Micro,min10_cells,COL4A4,1,0.34148,-1.39245,0.637424201235972,False,False
Micro,min10_cells,COL4A3,1,0.34148,0.37972,,False,True
Micro,min10_cells,SNORC,2,-0.23967,-0.30796,0.912020471534672,False,True
Micro,min10_cells,COL6A3,6,-0.47329,-1.46115,,False,True
Micro,min10_cells,GPC1,6,-0.61165,-1.05989,0.5723373628334975,False,True
Micro,min10_cells,SNED1,12,0.41109,-0.1179,0.9667595159489316,False,False
Micro,min10_cells,CHL1,31,-0.23539,-0.65692,0.6885059224886078,False,True
Micro,min10_cells,CNTN4,69,-0.08139,-1.73002,0.2140501092832226,False,True
Micro,min10_cells,IL17RE,2,0.88507,0.04841,,False,True
Micro,min10_cells,GHRL,4,0.66425,1.39207,,False,True
Micro,min10_cells,FBLN2,6,-0.51185,-1.04679,,False,True
Micro,min10_cells,COLQ,7,-0.61392,-0.65949,0.6217302512168293,False,True
Micro,min10_cells,BTD,8,-0.05842,-0.03938,0.9873080287848106,False,True
Micro,min10_cells,TGFBR2,2,0.16467,-0.02277,0.9873080287848106,False,False
Micro,min10_cells,CRTAP,1,0.22216,0.4244,0.6441233114546504,False,True
Micro,min10_cells,PDCD6IP,1,0.14194,0.2042,0.7300071764479009,False,True
Micro,min10_cells,CCK,4,0.0029,0.81763,0.8062340797060644,False,True
Micro,min10_cells,GASK1A,2,0.0162,-0.09631,0.9706657406521864,False,False
Micro,min10_cells,CDCP1,2,0.40197,0.18415,0.937861266049894,False,True
Micro,min10_cells,CSPG5,1,-0.32459,-0.49075,0.8963305399800725,False,True
Micro,min10_cells,PLXNB1,4,-0.8382,-0.64882,0.8896397572358588,False,True
Micro,min10_cells,LAMB2,1,0.3033,1.11921,,False,True
Micro,min10_cells,DAG1,1,-0.04339,-0.55901,0.6589856334238399,False,True
Micro,min10_cells,MST1,1,0.08069,1.08392,,False,True
Micro,min10_cells,SEMA3B,3,-0.20268,-0.6986,0.8513012317779838,False,True
Micro,min10_cells,HYAL1,2,-0.02295,-0.63132,,False,True
Micro,min10_cells,MANF,1,0.01476,0.4972,0.8860899111650461,False,True
Micro,min10_cells,ITIH4,1,-0.06518,-0.18241,0.9625950527535372,False,True
Micro,min10_cells,MUSTN1,2,-0.38456,-0.65907,,False,True
Micro,min10_cells,WNT5A,6,0.12543,0.26786,0.8963305399800725,False,True
Micro,min10_cells,ADAMTS9,2,-0.43778,-0.81533,,False,True
Micro,min10_cells,TAFA1,53,0.23306,-0.90476,0.65731710408827,False,False
Micro,min10_cells,TAFA4,1,-0.27172,-1.92822,0.5673497036583184,False,True
Micro,min10_cells,EPHA3,1,-0.06257,-0.82426,0.8673135670652138,False,True
Micro,min10_cells,PROS1,2,0.08928,-0.74229,0.6121088873267704,False,False
Micro,min10_cells,ABI3BP,1,0.7577,0.99244,0.7218173493325906,False,True
Micro,min10_cells,NXPE3,4,-0.12371,-0.88099,0.5399138313984689,False,True
Micro,min10_cells,ALCAM,33,0.0142,0.08775,0.9650657863796048,False,True
Micro,min10_cells,CD200R1,2,0.72648,1.24457,0.6132770177471943,False,True
Micro,min10_cells,B4GALT4,3,0.17601,0.58159,0.6462244020524555,False,True
Micro,min10_cells,FSTL1,1,-0.04662,0.27786,,False,False
Micro,min10_cells,HEG1,1,-0.09523,-0.07898,0.97264289638038,False,True
Micro,min10_cells,COL6A6,1,0.51203,-0.84833,,False,False
Micro,min10_cells,TF,4,-0.90797,-1.08798,0.7273157005294176,False,True
Micro,min10_cells,PCOLCE2,1,0.37308,-0.77873,,False,False
Micro,min10_cells,DIPK2A,1,0.14833,-0.48512,0.5080307409851177,False,False
Micro,min10_cells,CPB1,5,0.09249,-0.16815,0.9803097392705172,False,False
Micro,min10_cells,CP,2,0.68972,0.72146,0.6725163064050047,False,True
Micro,min10_cells,IGSF10,2,-0.55621,-0.81393,0.6533834289632828,False,True
Micro,min10_cells,C3orf33,1,-0.35782,-0.51917,0.6735512149380031,False,True
Micro,min10_cells,RARRES1,2,-0.06947,-0.14163,0.9650657863796048,False,True
Micro,min10_cells,BCHE,2,-0.66083,-2.05039,0.3356140365042516,False,True
Micro,min10_cells,SERPINI1,1,-0.17825,-0.26777,0.9206705313996362,False,True
Micro,min10_cells,TNFSF10,1,0.04797,0.14899,0.9494325905997326,False,True
Micro,min10_cells,ST6GAL1,29,-0.1457,-0.00167,0.9980169068222456,False,True
Micro,min10_cells,SST,1,-0.10175,-1.82779,,False,True
Micro,min10_cells,IL1RAP,12,0.12654,-0.61343,0.6608922946446754,False,False
Micro,min10_cells,APOD,3,-1.06095,0.11328,0.9805166887454124,False,False
Micro,min10_cells,MUC20,3,-0.86015,-0.47727,0.895880664527182,False,True
Micro,min10_cells,TFRC,1,-0.02664,0.52687,0.8382361450375905,False,False
Micro,min10_cells,FBXO45,1,0.11622,-0.50189,0.8125311486299471,False,False
Micro,min10_cells,SPON2,11,-0.17362,-0.58203,,False,True
Micro,min10_cells,FGFR3,2,-0.0506,-0.71956,0.7988745565010873,False,True
Micro,min10_cells,C4orf48,1,0.16653,0.29767,0.919153609907122,False,True
Micro,min10_cells,CYTL1,2,0.19129,1.59882,0.0496024314009676,True,True
Micro,min10_cells,MAN2B2,1,-0.05482,0.11129,0.9475805482961552,False,False
Micro,min10_cells,C1QTNF7,20,-0.28989,-1.1693,,False,True
Micro,min10_cells,SLIT2,2,-0.85861,-1.3402,0.2163142061320244,False,True
Micro,min10_cells,SOD3,1,0.00831,1.1029,,False,True
Micro,min10_cells,LGI2,2,-0.03545,0.39843,,False,False
Micro,min10_cells,SMIM20,1,-0.09996,0.38422,0.8476103313591106,False,False
Micro,min10_cells,CORIN,10,-0.30303,-0.34008,,False,True
Micro,min10_cells,IGFBP7,1,0.1828,1.10792,0.6622548807808559,False,True
Micro,min10_cells,TMPRSS11D,1,-0.40871,0.61494,,False,False
Micro,min10_cells,ADAMTS3,1,0.35404,-0.87589,,False,False
Micro,min10_cells,ANTXR2,1,-0.51419,1.65927,0.3841196249576871,False,False
Micro,min10_cells,FGF5,1,-0.19861,-1.26677,,False,True
Micro,min10_cells,HPSE,2,0.4226,0.70608,0.6787107453517927,False,True
Micro,min10_cells,SPARCL1,3,0.79453,-0.33618,0.8813796214474772,False,False
Micro,min10_cells,MEPE,1,-0.52858,0.89937,,False,False
Micro,min10_cells,SPP1,4,0.02578,0.69456,0.799197348496348,False,True
Micro,min10_cells,PKD2,8,0.02211,-0.13138,0.8264704901159822,False,False
Micro,min10_cells,SNCA,1,-0.08884,0.25365,0.7148839328096189,False,False
Micro,min10_cells,MMRN1,5,-0.62711,-0.76647,0.4681202270484676,False,True
Micro,min10_cells,AIMP1,1,0.12283,0.08269,0.9627517009969442,False,True
Micro,min10_cells,DKK2,21,0.12016,1.21238,,False,True
Micro,min10_cells,COL25A1,30,0.12799,0.60779,0.709881669618487,False,True
Micro,min10_cells,PLA2G12A,1,0.0501,0.35479,0.7814495284192309,False,True
Micro,min10_cells,ARSJ,1,-0.07341,2.12628,0.4143595992901437,False,False
Micro,min10_cells,FGF2,1,-0.55888,-0.57077,0.7697270834272072,False,True
Micro,min10_cells,ABHD18,1,0.23584,0.23285,0.7778457226491369,False,True
Micro,min10_cells,PGRMC2,2,-0.0255,-0.33022,0.7736755238176266,False,True
Micro,min10_cells,IL15,9,1.02533,3.11035,8.404140298272452e-06,True,True
Micro,min10_cells,FREM3,1,0.40906,-1.0114,,False,False
Micro,min10_cells,HHIP,2,-1.04333,-1.17548,0.7011089116861072,False,True
Micro,min10_cells,SFRP2,3,0.67447,-0.05638,,False,False
Micro,min10_cells,PDGFC,2,0.1946,0.64258,0.5050224852417424,False,True
Micro,min10_cells,FSTL5,1,0.38396,-0.7683,0.7251943102174963,False,False
Micro,min10_cells,CPE,1,-0.21246,-0.12414,0.9706657406521864,False,True
Micro,min10_cells,TLL1,1,-0.11746,-0.19746,0.9759504508498328,False,True
Micro,min10_cells,SPOCK3,24,-0.08588,-1.261,0.6852945343937633,False,True
Micro,min10_cells,HMGB2,1,-0.07074,0.74668,0.710106818588408,False,False
Micro,min10_cells,SCRG1,1,0.2535,0.52691,0.8649098075048668,False,True
Micro,min10_cells,SNX25,3,-0.15861,0.07706,0.9581814539076048,False,False
Micro,min10_cells,KLKB1,1,-0.24996,0.17743,0.975458362541578,False,False
Micro,min10_cells,EXOC3-AS1,2,0.37426,1.0562,,False,True
Micro,min10_cells,ADAMTS16,2,-0.49295,0.24121,0.9603638132725386,False,False
Micro,min10_cells,NSUN2,1,-0.06105,-0.28917,0.7330122048848159,False,True
Micro,min10_cells,PDZD2,1,-0.38995,-1.24343,0.3810439992619597,False,True
Micro,min10_cells,ADAMTS12,2,-0.49167,-1.20616,,False,True
Micro,min10_cells,C1QTNF3,2,-0.64289,-0.95115,0.3991193199640238,False,True
Micro,min10_cells,PRLR,28,-0.09261,0.7288,0.8476103313591106,False,False
Micro,min10_cells,LIFR,11,-0.38246,-0.89451,0.7697270834272072,False,True
Micro,min10_cells,GHR,16,-0.08083,-0.87079,,False,True
Micro,min10_cells,SELENOP,5,0.40051,0.04078,0.9898055651628004,False,True
Micro,min10_cells,IL6ST,5,-0.0642,0.27936,0.8437975088966749,False,False
Micro,min10_cells,ADAMTS6,2,0.23508,-0.90524,,False,False
Micro,min10_cells,CARTPT,1,-0.27554,-0.72304,,False,True
Micro,min10_cells,CRHBP,2,-0.92923,-0.99175,0.60044498772033,False,True
Micro,min10_cells,AGGF1,1,0.14806,0.26475,0.757767691715504,False,True
Micro,min10_cells,ZBED3,1,-0.26242,-0.29192,0.9228560196007934,False,True
Micro,min10_cells,THBS4,2,-0.01647,0.08634,0.980981764527604,False,False
Micro,min10_cells,VCAN,2,0.36177,-0.29434,0.9186726331711312,False,False
Micro,min10_cells,EDIL3,2,-0.85035,-0.95239,0.7717807693159353,False,True
Micro,min10_cells,ARSK,1,-0.01273,-0.1514,0.9540119534899698,False,True
Micro,min10_cells,PCSK1,2,0.35347,0.42875,,False,True
Micro,min10_cells,ERAP1,2,-0.19423,-0.01868,0.9896322861525654,False,True
Micro,min10_cells,ERAP2,3,0.2967,0.73018,0.3618471404242805,False,True
Micro,min10_cells,LNPEP,2,0.2286,0.30853,0.5120842013545307,False,True
Micro,min10_cells,ST8SIA4,2,0.07054,0.233,0.8450343916210846,False,True
Micro,min10_cells,PAM,2,0.25548,-0.48121,0.7015761196307667,False,False
Micro,min10_cells,ADAMTS19,2,-1.02692,-0.1799,0.9408905912850626,False,True
Micro,min10_cells,LEAP2,1,0.05882,0.04265,,False,True
Micro,min10_cells,FSTL4,1,-0.61357,-0.4117,,False,True
Micro,min10_cells,CXCL14,1,0.58711,-0.60138,0.8237686901061453,False,False
Micro,min10_cells,TGFBI,7,0.43955,0.78402,0.7570070838178149,False,True
Micro,min10_cells,SPOCK1,66,-0.31915,-0.79622,0.799197348496348,False,True
Micro,min10_cells,NRG2,33,-0.14817,-1.32903,0.5138708379382443,False,True
Micro,min10_cells,HBEGF,1,0.07039,-0.54479,0.8450343916210846,False,False
Micro,min10_cells,CD14,2,0.2949,-0.15045,0.9701692353718796,False,False
Micro,min10_cells,PCDHA10,1,0.46768,-1.68607,,False,False
Micro,min10_cells,PCDH12,2,-0.23353,-0.76703,0.7187461220731265,False,True
Micro,min10_cells,NDFIP1,2,0.42015,0.10575,0.8686385265226542,False,True
Micro,min10_cells,FGF1,19,-0.23926,-0.85015,0.7697270834272072,False,True
Micro,min10_cells,PCYOX1L,2,0.04291,0.09914,0.9778021042872208,False,True
Micro,min10_cells,ARSI,13,-0.51792,-2.14845,0.4024785638696476,False,True
Micro,min10_cells,CD74,3,0.07133,1.06441,0.2598681631689035,False,True
Micro,min10_cells,GPX3,2,-0.14595,0.82031,,False,False
Micro,min10_cells,SPARC,2,-0.55069,0.52418,0.8403410001118216,False,False
Micro,min10_cells,TIMD4,5,0.67615,0.89366,,False,True
Micro,min10_cells,SLIT3,92,0.28026,-0.50872,0.8797747148419421,False,False
Micro,min10_cells,ADAMTS2,1,-0.07269,1.36614,0.724238913962369,False,False
Micro,min10_cells,SERPINB1,1,-0.0726,0.29563,0.823547476298652,False,False
Micro,min10_cells,F13A1,1,0.25801,1.6621,0.4346114487535462,False,True
Micro,min10_cells,LY86,2,-0.18909,0.15636,0.9199706632216418,False,False
Micro,min10_cells,GFOD1,24,0.11385,-0.54091,0.8747355565679114,False,False
Micro,min10_cells,KIAA0319,18,0.24883,-0.59968,0.8358097042096638,False,False
Micro,min10_cells,SCGN,1,0.67251,0.51671,,False,True
Micro,min10_cells,GABBR1,2,-0.28983,-0.30749,0.9228560196007934,False,True
Micro,min10_cells,HLA-E,2,0.11624,0.31259,0.7736755238176266,False,True
Micro,min10_cells,DDR1,4,-0.03535,-0.1448,0.967922918353026,False,True
Micro,min10_cells,HCG22,1,0.48285,0.89269,0.6844405862842116,False,True
Micro,min10_cells,TNF,2,0.38443,0.34439,,False,True
Micro,min10_cells,BAG6,1,-0.46823,-0.2506,0.910216163855802,False,True
Micro,min10_cells,APOM,1,-0.46823,0.58246,,False,False
Micro,min10_cells,HSPA1A,1,0.22795,0.84803,0.7570070838178149,False,True
Micro,min10_cells,C2,8,-0.0859,-1.11381,0.215489918974982,False,True
Micro,min10_cells,CFB,1,0.16946,-0.61326,,False,False
Micro,min10_cells,TNXB,11,-0.12341,-0.936,,False,True
Micro,min10_cells,EGFL8,1,-0.49896,-0.17915,,False,True
Micro,min10_cells,CUTA,2,0.12186,0.26616,0.9253652386528424,False,True
Micro,min10_cells,SCUBE3,1,-0.29394,-0.75119,,False,True
Micro,min10_cells,PI16,5,-0.35527,-0.30799,0.9559516884395556,False,True
Micro,min10_cells,TREM2,3,0.38536,0.9251,0.2521849379894885,False,True
Micro,min10_cells,VEGFA,1,0.12491,0.4664,0.9032932360920494,False,True
Micro,min10_cells,HSP90AB1,1,0.14726,0.25682,0.8860899111650461,False,True
Micro,min10_cells,ENPP5,2,0.63057,0.57011,0.8668966669601202,False,True
Micro,min10_cells,PLA2G7,2,0.00336,1.07287,0.4580483942102955,False,True
Micro,min10_cells,COL21A1,15,0.25005,0.25413,,False,True
Micro,min10_cells,EYS,16,-0.34295,0.25119,0.9186726331711312,False,False
Micro,min10_cells,COL19A1,3,-0.41979,0.15727,0.9778021042872208,False,False
Micro,min10_cells,COL9A1,5,-0.82013,0.26321,,False,False
Micro,min10_cells,COL12A1,5,-0.35745,-0.70261,,False,True
Micro,min10_cells,CD164,2,0.13425,0.11741,0.913981179683786,False,True
Micro,min10_cells,METTL24,1,-0.56631,-0.51897,,False,True
Micro,min10_cells,LAMA4,2,-0.83874,-0.24543,,False,True
Micro,min10_cells,SMPDL3A,1,0.04052,0.14216,0.9778021042872208,False,True
Micro,min10_cells,RSPO3,1,-0.1309,-1.38068,0.5280057583500684,False,True
Micro,min10_cells,LAMA2,1,-0.9335,-1.60339,0.3810439992619597,False,True
Micro,min10_cells,ENPP3,2,-0.21681,1.08984,0.701740271185349,False,False
Micro,min10_cells,ENPP1,1,0.22828,0.98386,0.4097652859695936,False,True
Micro,min10_cells,FUCA2,1,-0.24991,0.79288,0.4967016330405574,False,False
Micro,min10_cells,FNDC1,1,-0.24498,-1.35593,,False,True
Micro,min10_cells,RNASET2,1,0.19999,0.44371,0.6354663448256995,False,True
Micro,min10_cells,SMOC2,35,-0.11201,-0.91631,,False,True
Micro,min10_cells,THBS2,2,-0.50797,-0.46796,0.906147037293526,False,True
Micro,min10_cells,C6orf120,2,-0.15271,0.71525,0.7032631663249516,False,False
Micro,min10_cells,FAM20C,1,-0.06341,-0.21897,0.901747553286076,False,True
Micro,min10_cells,PDGFA,2,-0.13246,-1.19675,0.3713010813359967,False,True
Micro,min10_cells,NXPH1,48,0.09527,-1.61224,0.3017104791383133,False,False
Micro,min10_cells,THSD7A,1,0.02775,-0.19797,0.955502335909038,False,False
Micro,min10_cells,IL6,4,0.01292,0.03219,,False,True
Micro,min10_cells,CCDC126,1,0.31257,0.53516,0.5690071403764285,False,True
Micro,min10_cells,NPY,3,0.60206,0.54188,,False,True
Micro,min10_cells,HNRNPA2B1,1,0.1516,0.02057,0.9803097392705172,False,True
Micro,min10_cells,BMPER,1,0.40481,-0.45608,0.8968875854840254,False,False
Micro,min10_cells,AOAH,2,-0.05109,0.19897,0.9121368655916042,False,False
Micro,min10_cells,EPDR1,27,0.52188,0.48702,0.8076595068284882,False,True
Micro,min10_cells,INHBA,3,0.13825,1.39608,0.6725163064050047,False,True
Micro,min10_cells,PPIA,1,-0.11366,0.40226,0.7736755238176266,False,False
Micro,min10_cells,IGFBP3,3,0.09115,-0.49711,,False,False
Micro,min10_cells,VWC2,1,0.03725,-1.2467,0.5455185933760377,False,False
Micro,min10_cells,ZPBP,1,0.17029,-1.76522,,False,False
Micro,min10_cells,VSTM2A,2,-0.46964,-1.06293,,False,True
Micro,min10_cells,EGFR,44,-0.01952,-0.00729,0.9977547860629074,False,True
Micro,min10_cells,STX1A,4,-0.04961,0.07378,0.9867038242810588,False,False
Micro,min10_cells,ELN,1,0.54069,-1.15698,0.7350248295123373,False,False
Micro,min10_cells,SSC4D,2,-0.40247,0.45185,,False,False
Micro,min10_cells,ZP3,10,-0.12859,1.54874,0.2763861647239366,False,False
Micro,min10_cells,FGL2,2,0.06876,0.60962,0.5080307409851177,False,True
Micro,min10_cells,SEMA3C,2,0.22152,-1.22597,0.6414453369973074,False,False
Micro,min10_cells,HGF,1,-0.02585,0.32779,0.8826548858985767,False,False
Micro,min10_cells,SEMA3E,1,0.03324,1.30155,,False,True
Micro,min10_cells,SEMA3A,2,0.52615,-0.03068,,False,False
Micro,min10_cells,PON2,1,0.347,0.02197,0.98738989740453,False,True
Micro,min10_cells,TAC1,2,-0.13751,-0.07298,0.98738989740453,False,True
Micro,min10_cells,NPTX2,1,0.12577,0.56623,,False,True
Micro,min10_cells,AZGP1,1,0.79776,1.87179,,False,True
Micro,min10_cells,CNPY4,1,-0.23028,-0.26223,,False,True
Micro,min10_cells,GPC2,2,-0.06541,0.57986,,False,False
Micro,min10_cells,PILRA,2,0.10107,0.34226,0.8297864870760757,False,True
Micro,min10_cells,PCOLCE,1,-0.01692,0.69538,,False,False
Micro,min10_cells,SERPINE1,1,0.60939,4.12531,0.0299454565114667,True,True
Micro,min10_cells,VGF,3,0.18341,0.07972,,False,True
Micro,min10_cells,PLOD3,1,0.37753,-0.13225,0.9623741946807736,False,False
Micro,min10_cells,COL26A1,1,0.75641,-1.1498,0.5361499116968472,False,False
Micro,min10_cells,LRRC17,2,1.17783,1.60394,,False,True
Micro,min10_cells,RELN,1,-1.27497,-0.846,0.7325781023848276,False,True
Micro,min10_cells,NAMPT,1,0.12656,1.59787,0.5003513980186713,False,True
Micro,min10_cells,LAMB1,1,-0.71222,-0.62813,0.8125001624496884,False,True
Micro,min10_cells,NRCAM,51,-0.06671,-0.76926,0.526938144869205,False,True
Micro,min10_cells,MDFIC,1,-0.05995,1.4033,0.6492696335191553,False,False
Micro,min10_cells,MET,9,-0.36952,-0.52366,0.901747553286076,False,True
Micro,min10_cells,FAM3C,2,0.05429,-0.00136,0.998041641492138,False,False
Micro,min10_cells,PTPRZ1,1,-0.7703,-0.42618,0.811161858558147,False,True
Micro,min10_cells,HILPDA,2,0.02321,0.17984,0.9660242942900288,False,True
Micro,min10_cells,CALU,1,-0.24391,0.12929,0.9201359764862906,False,False
Micro,min10_cells,PTN,1,-1.1128,-1.26183,0.5041582001872024,False,True
Micro,min10_cells,EPHB6,1,0.09766,0.38547,,False,True
Micro,min10_cells,RARRES2,1,-0.43098,1.32442,,False,False
Micro,min10_cells,ANGPT2,1,-0.09949,-0.1823,0.9121368655916042,False,True
Micro,min10_cells,PRSS51,5,0.97247,0.67611,,False,True
Micro,min10_cells,CTSB,1,0.25212,0.53733,0.7697270834272072,False,True
Micro,min10_cells,FGF20,1,-0.12384,1.07523,0.4097652859695936,False,False
Micro,min10_cells,PDGFRL,2,-0.05294,0.11301,,False,False
Micro,min10_cells,FGL1,7,-0.07707,-1.19394,0.6735512149380031,False,True
Micro,min10_cells,ASAH1,2,0.17681,0.85618,0.0457441830018676,True,True
Micro,min10_cells,LPL,1,-0.00304,0.64049,0.7697270834272072,False,False
Micro,min10_cells,LGI3,2,-0.32795,-0.75413,0.878175102402634,False,True
Micro,min10_cells,BMP1,1,-0.12651,-0.48434,0.8213307982631658,False,True
Micro,min10_cells,PEBP4,1,-0.30497,0.35824,0.9155731703909236,False,False
Micro,min10_cells,LOXL2,1,-0.04239,-0.79383,0.7168077720355182,False,True
Micro,min10_cells,ADAM28,2,0.73637,0.07378,0.9707482384034722,False,True
Micro,min10_cells,CLU,2,0.03637,0.37807,0.8831277669754881,False,True
Micro,min10_cells,NRG1,89,-0.21328,-1.63474,0.2140501092832226,False,True
Micro,min10_cells,HTRA4,2,1.23337,0.34156,,False,True
Micro,min10_cells,ADAM9,1,-0.00843,-0.33017,0.8062340797060644,False,True
Micro,min10_cells,SFRP1,1,-0.05872,-0.24236,0.9720635861853286,False,True
Micro,min10_cells,PLAT,3,0.1569,-1.18482,0.2555463098183301,False,False
Micro,min10_cells,PXDNL,2,-0.49343,0.04557,0.9867038242810588,False,False
Micro,min10_cells,SDCBP,2,-0.13872,0.64917,0.7348185530098384,False,False
Micro,min10_cells,GGH,1,0.01551,1.08713,,False,True
Micro,min10_cells,CPA6,3,1.68687,1.13335,0.3984022511835094,False,True
Micro,min10_cells,SULF1,6,-0.10913,-1.08259,,False,True
Micro,min10_cells,LY96,1,-0.16843,0.27056,0.8836229531762341,False,False
Micro,min10_cells,PI15,1,0.31449,-0.97044,,False,False
Micro,min10_cells,IL7,2,-0.2165,0.88657,0.5435427031799399,False,False
Micro,min10_cells,FABP5,1,0.46976,0.70721,0.6244632716712853,False,True
Micro,min10_cells,MMP16,1,-0.64339,-0.75185,0.7609328720124663,False,True
Micro,min10_cells,CPQ,1,0.34992,-0.13117,0.8297864870760757,False,False
Micro,min10_cells,MATN2,6,-0.43301,-1.49085,0.4409791415413957,False,True
Micro,min10_cells,CTHRC1,2,0.17867,-0.23901,,False,False
Micro,min10_cells,RSPO2,2,-0.31508,-1.20671,0.7372973783803,False,True
Micro,min10_cells,TNFRSF11B,1,0.5929,0.36507,0.9206705313996362,False,True
Micro,min10_cells,CCN3,1,-0.31567,0.79373,,False,False
Micro,min10_cells,ENPP2,21,-0.20068,-1.4063,0.6020793352287126,False,True
Micro,min10_cells,COL14A1,14,0.23167,-1.13922,0.3507701878128739,False,False
Micro,min10_cells,TG,31,0.02679,0.23657,0.9282120337642924,False,True
Micro,min10_cells,ST3GAL1,1,0.1515,-0.1691,0.937861266049894,False,False
Micro,min10_cells,ADGRB1,9,-0.07131,-0.92946,,False,True
Micro,min10_cells,THEM6,1,0.39106,0.2179,0.9475384305750376,False,True
Micro,min10_cells,GSDMD,2,0.06095,0.69032,0.7727213250604522,False,True
Micro,min10_cells,INSL6,1,-0.63279,1.14765,0.5644454035425966,False,False
Micro,min10_cells,CD274,2,-0.01495,-0.90098,0.6528208378909074,False,True
Micro,min10_cells,PDCD1LG2,4,0.02888,0.24076,0.9301635237274292,False,True
Micro,min10_cells,FREM1,16,-0.08674,-2.40537,0.2513769322864505,False,True
Micro,min10_cells,ADAMTSL1,46,-0.04892,-1.90291,0.1871727773399508,False,True
Micro,min10_cells,IFNE,1,0.25879,-0.37265,,False,False
Micro,min10_cells,TEK,1,-0.33585,-0.88894,,False,True
Micro,min10_cells,C9orf72,1,0.09227,0.53882,0.4658851885143144,False,True
Micro,min10_cells,B4GALT1,1,-0.06538,0.09138,0.9724789550345484,False,False
Micro,min10_cells,PRSS3,12,-0.384,-0.19194,,False,True
Micro,min10_cells,ENHO,1,0.27362,0.03057,0.9941278953695408,False,True
Micro,min10_cells,IL11RA,2,-0.23364,-1.24377,,False,True
Micro,min10_cells,MAMDC2,1,-0.38678,-0.29779,0.9186726331711312,False,True
Micro,min10_cells,ANXA1,5,0.31902,2.01343,0.5158181638503548,False,True
Micro,min10_cells,PCSK5,1,0.04674,-0.04181,0.9867038242810588,False,False
Micro,min10_cells,CTSL,1,0.01614,0.18926,0.9211935008352488,False,True
Micro,min10_cells,OGN,1,0.09855,0.26341,0.9415513723882968,False,True
Micro,min10_cells,ASPN,2,0.80372,0.66616,0.8672063379843421,False,True
Micro,min10_cells,ECM2,4,0.72076,0.92151,0.7438151861779303,False,True
Micro,min10_cells,NINJ1,3,0.40041,-0.13822,0.932037166724274,False,False
Micro,min10_cells,COL15A1,1,0.25057,0.34292,0.8958048654910094,False,True
Micro,min10_cells,TXN,1,-0.02901,0.39689,0.8797747148419421,False,False
Micro,min10_cells,SVEP1,1,-0.44898,-1.25202,0.7114840842874363,False,True
Micro,min10_cells,COL27A1,2,0.42914,0.5106,,False,True
Micro,min10_cells,TNFSF15,2,0.28703,0.66523,,False,True
Micro,min10_cells,TNC,6,-0.88819,1.09811,0.63207778775932,False,False
Micro,min10_cells,PAPPA,2,-0.36404,0.43481,,False,False
Micro,min10_cells,GSN,31,-0.13855,-0.19153,0.7655767572428589,False,True
Micro,min10_cells,CRB2,5,-0.25296,0.0735,,False,False
Micro,min10_cells,ANGPTL2,1,-0.43269,-0.81414,0.7738173534191239,False,True
Micro,min10_cells,TOR2A,1,0.16665,1.48701,,False,True
Micro,min10_cells,LAMC3,1,0.62638,-2.79104,,False,False
Micro,min10_cells,ADAMTS13,5,-0.24361,-0.4389,,False,True
Micro,min10_cells,ADAMTSL2,2,0.18126,0.20511,0.919153609907122,False,True
Micro,min10_cells,COL5A1,1,-0.05298,-1.07052,0.5492203169025661,False,True
Micro,min10_cells,OLFM1,4,-0.53108,0.2052,0.9430395017851168,False,False
Micro,min10_cells,QSOX2,2,-0.14217,-0.36696,0.8283606985064745,False,True
Micro,min10_cells,EGFL7,2,-0.57607,-0.96494,,False,True
Micro,min10_cells,PTGDS,2,-0.26895,0.04822,0.9894804783376452,False,False
Micro,min10_cells,DPP7,2,0.12253,0.7541,0.5773165387866362,False,True
Micro,min10_cells,IL15RA,1,0.06319,0.09715,0.9780001156307336,False,True
Micro,min10_cells,ITIH5,9,-0.37537,-0.38589,,False,True
Micro,min10_cells,CELF2-AS1,2,-0.36675,-0.42359,,False,True
Micro,min10_cells,CCDC3,19,-0.21181,-0.59838,0.8050538794251135,False,True
Micro,min10_cells,CDNF,2,0.17604,0.74106,,False,True
Micro,min10_cells,C1QL3,1,-0.63168,1.06972,,False,False
Micro,min10_cells,NRP1,1,0.01286,-0.3284,0.807993931689967,False,False
Micro,min10_cells,CXCL12,2,0.43997,0.69573,0.7114840842874363,False,True
Micro,min10_cells,VSTM4,2,-0.54856,-1.25872,0.3914492832531361,False,True
Micro,min10_cells,PCDH15,3,-0.20621,-1.13871,0.6477809338864767,False,True
Micro,min10_cells,SRGN,3,0.59188,1.58237,0.4052049602310436,False,True
Micro,min10_cells,ADAMTS14,3,-0.71876,-0.37093,0.9493913184993104,False,True
Micro,min10_cells,PSAP,2,0.1422,0.43768,0.5362853543680635,False,True
Micro,min10_cells,SPOCK2,2,0.20172,0.12557,0.9778021042872208,False,True
Micro,min10_cells,PLAU,1,0.14545,1.99176,,False,True
Micro,min10_cells,PLAC9,3,-0.0042,0.64294,,False,False
Micro,min10_cells,PRXL2A,6,0.35357,0.0233,0.9904305322702802,False,True
Micro,min10_cells,NRG3,169,-0.13196,-0.96738,0.6528208378909074,False,True
Micro,min10_cells,MINPP1,2,-0.04589,-0.26814,0.8748721781343721,False,True
Micro,min10_cells,PTEN,1,0.16788,-0.11447,0.914174109213936,False,False
Micro,min10_cells,RNLS,1,-0.35175,-0.01424,0.9903379012711608,False,True
Micro,min10_cells,FAS,1,0.24607,0.54308,0.7348185530098384,False,True
Micro,min10_cells,FGFBP3,1,-0.13859,0.71759,,False,False
Micro,min10_cells,IDE,10,-0.14413,-0.142,0.914174109213936,False,True
Micro,min10_cells,RBP4,2,0.99998,0.49146,,False,True
Micro,min10_cells,LGI1,2,0.04253,0.2027,0.9582847867489864,False,True
Micro,min10_cells,TLL2,1,-0.41649,-1.41687,0.6462244020524555,False,True
Micro,min10_cells,SLIT1,2,-1.57087,-0.11529,0.973164030379156,False,True
Micro,min10_cells,HPSE2,35,-0.05162,-2.00519,,False,True
Micro,min10_cells,CASP7,7,-0.03192,0.24987,0.899268137496385,False,False
Micro,min10_cells,FGFR2,18,-0.2923,-1.64606,0.5702660206488002,False,True
Micro,min10_cells,HTRA1,3,-0.10407,-0.84409,0.2743771782683973,False,True
Micro,min10_cells,FAM24B,1,-0.26793,-0.6098,0.7039778670880393,False,True
Micro,min10_cells,CPXM2,2,0.96778,-0.71137,0.8797747148419421,False,False
Micro,min10_cells,MMP21,2,1.2051,0.95924,,False,True
Micro,min10_cells,ADAM12,2,-0.35346,-0.68272,0.843232992178216,False,True
Micro,min10_cells,DEAF1,2,0.03327,-0.11642,0.9485275043187164,False,False
Micro,min10_cells,GATD1,1,-0.2684,0.07454,0.9803097392705172,False,False
Micro,min10_cells,CHID1,3,0.10581,0.87939,0.4737128911156139,False,True
Micro,min10_cells,CTSD,1,-0.01316,1.11025,0.3207502041911426,False,False
Micro,min10_cells,SMPD1,1,-0.01374,-0.70925,0.7920632564423181,False,True
Micro,min10_cells,OLFML1,3,-0.5853,-0.58624,,False,True
Micro,min10_cells,TUB,22,-0.33591,-1.5638,0.4385575002071282,False,True
Micro,min10_cells,SCUBE2,1,0.08232,-0.60364,0.8293958509898746,False,False
Micro,min10_cells,MTRNR2L8,1,-0.40345,-0.32492,0.9447262183655936,False,True
Micro,min10_cells,DKK3,2,-0.54279,0.61779,0.7697270834272072,False,False
Micro,min10_cells,SPON1,1,1.67919,2.15333,0.0453899426845586,True,True
Micro,min10_cells,CALCB,6,-0.14255,-0.40805,0.8673135670652138,False,True
Micro,min10_cells,NUCB2,1,0.09708,0.33606,0.8125311486299471,False,True
Micro,min10_cells,NELL1,2,0.5267,-1.51089,0.3651089620945722,False,False
Micro,min10_cells,LUZP2,27,-0.71474,-1.93395,0.0496024314009676,True,True
Micro,min10_cells,BDNF,15,-0.26426,1.13882,0.7472766824909725,False,False
Micro,min10_cells,CD59,5,0.28428,0.6779,0.4099010669888467,False,True
Micro,min10_cells,CD44,13,0.04974,0.886,0.6883394882064087,False,True
Micro,min10_cells,PAMR1,12,0.26975,-1.23362,,False,False
Micro,min10_cells,FJX1,2,0.18211,1.15249,,False,True
Micro,min10_cells,EXT2,2,0.09977,-0.39693,0.4847482572804165,False,False
Micro,min10_cells,C1QTNF4,3,0.03581,0.98743,0.7536949567866826,False,True
Micro,min10_cells,PTPRJ,1,-0.23806,0.04479,0.980604549074399,False,False
Micro,min10_cells,SERPING1,1,-0.08015,-0.36983,0.8747355565679114,False,True
Micro,min10_cells,MPEG1,2,0.18806,0.15461,0.964961913439346,False,True
Micro,min10_cells,VWCE,6,0.06066,-0.47983,,False,False
Micro,min10_cells,FLRT1,2,-0.05092,0.05729,,False,False
Micro,min10_cells,VEGFB,2,0.12447,0.85612,0.4875821377694684,False,True
Micro,min10_cells,LTBP3,4,0.05538,0.08142,0.97264289638038,False,True
Micro,min10_cells,EFEMP2,1,-0.03214,-0.75117,,False,True
Micro,min10_cells,DEFB131B,1,0.43469,0.77075,,False,True
Micro,min10_cells,IL18BP,2,0.10087,-0.58525,0.8007261499392141,False,False
Micro,min10_cells,FOLR2,2,0.26224,-0.30771,0.8622744253713157,False,False
Micro,min10_cells,PRSS23,1,0.1902,-0.38132,,False,False
Micro,min10_cells,ENDOD1,1,0.023,-0.48744,0.8735531319878707,False,False
Micro,min10_cells,PDGFD,1,0.12573,-2.28299,0.1565795933461215,False,False
Micro,min10_cells,CASP4,3,0.3397,-0.42475,0.813976282517601,False,False
Micro,min10_cells,CRYAB,5,-0.67189,-0.28153,0.9286838731204756,False,True
Micro,min10_cells,IL18,1,0.62846,0.68457,0.436447099384858,False,True
Micro,min10_cells,NCAM1,1,-0.32528,-1.03134,0.6951526153669648,False,True
Micro,min10_cells,TMEM25,1,-0.37108,0.06086,,False,False
Micro,min10_cells,NECTIN1,2,0.15702,-1.29962,0.4559013559373467,False,False
Micro,min10_cells,OAF,1,0.01219,-0.42645,0.8771477320289207,False,False
Micro,min10_cells,TECTA,3,-0.22432,-1.68116,,False,True
Micro,min10_cells,SORL1,45,-0.05226,0.15632,0.9095906440397228,False,False
Micro,min10_cells,ST3GAL4,15,-0.76614,-1.87824,0.4024785638696476,False,True
Micro,min10_cells,KIRREL3,1,-0.55136,-1.15739,0.6528208378909074,False,True
Micro,min10_cells,ADAMTS8,2,-0.81499,0.00123,,False,False
Micro,min10_cells,ADAMTS15,2,0.34945,1.96887,,False,True
Micro,min10_cells,JAM3,1,-0.50733,-1.384,0.4099010669888467,False,True
Micro,min10_cells,B3GAT1,9,-0.67847,-0.63517,0.81745377114195,False,True
Micro,min10_cells,WNT5B,17,0.28915,0.19307,0.9563890685044624,False,True
Micro,min10_cells,TULP3,1,0.01145,-0.35883,0.8505753495161877,False,False
Micro,min10_cells,VWF,2,0.60075,0.56209,,False,True
Micro,min10_cells,CD9,11,-0.07217,-0.45967,0.8876810280950601,False,True
Micro,min10_cells,TNFRSF1A,2,0.44076,-0.16994,0.9187188353112709,False,False
Micro,min10_cells,ACRBP,1,0.48627,-0.04157,,False,False
Micro,min10_cells,C1S,15,-0.09584,0.20019,0.9206705313996362,False,False
Micro,min10_cells,C1RL,1,-0.13716,0.12262,0.9513266924926151,False,False
Micro,min10_cells,CD163L1,1,-0.68098,1.21225,0.6477809338864767,False,False
Micro,min10_cells,CD163,1,0.48286,2.47886,0.1505048420073102,False,True
Micro,min10_cells,A2M,3,-0.17261,0.24324,0.8836229531762341,False,False
Micro,min10_cells,OLR1,3,0.25949,0.59594,0.7844578640765988,False,True
Micro,min10_cells,PRB1,2,-0.12692,0.24176,,False,False
Micro,min10_cells,PRB2,1,-0.34676,-1.9459,,False,True
Micro,min10_cells,SPX,2,-0.07378,0.3384,,False,False
Micro,min10_cells,OVCH1,1,-0.57557,0.34791,,False,False
Micro,min10_cells,NELL2,3,-0.25008,-0.01477,0.9961955127713016,False,True
Micro,min10_cells,NPFF,1,0.48615,0.52421,,False,True
Micro,min10_cells,CD63,1,-0.00606,0.37848,0.8599336211258173,False,False
Micro,min10_cells,GDF11,2,-0.03497,-0.6799,0.7635727658706115,False,True
Micro,min10_cells,MMP19,1,-0.44199,1.7001,,False,False
Micro,min10_cells,ERBB3,3,-0.33572,-1.11186,0.7809801186968189,False,True
Micro,min10_cells,IL23A,2,0.3909,-0.9084,,False,False
Micro,min10_cells,TAC3,6,0.10769,0.25559,,False,True
Micro,min10_cells,WIF1,1,0.56451,-0.30065,,False,False
Micro,min10_cells,LYZ,1,0.1688,0.59859,0.8050538794251135,False,True
Micro,min10_cells,PTPRR,20,-0.31504,-1.89964,0.1646278067534801,False,True
Micro,min10_cells,GLIPR1L1,5,-0.13055,0.70239,0.7657049194602694,False,False
Micro,min10_cells,KITLG,1,0.73144,-0.4045,0.9282120337642924,False,False
Micro,min10_cells,DCN,2,-1.37401,1.75824,,False,False
Micro,min10_cells,NTN4,1,0.15179,-0.83551,,False,False
Micro,min10_cells,IGF1,2,0.19162,0.14432,0.9709778553583822,False,True
Micro,min10_cells,TMEM119,3,0.40023,0.02957,0.9873080287848106,False,True
Micro,min10_cells,TCTN1,1,0.16825,0.09375,0.9705911288478344,False,True
Micro,min10_cells,OAS1,1,0.20897,0.42617,0.8297864870760757,False,True
Micro,min10_cells,GLT1D1,3,-0.72341,-1.92217,0.0081623288810852,True,True
Micro,min10_cells,MMP17,5,-0.08716,-1.1991,0.4875821377694684,False,True
Micro,min10_cells,IL17D,1,-0.3146,-1.33213,,False,True
Micro,min10_cells,FGF9,1,-0.12944,-0.78381,,False,True
Micro,min10_cells,FLT1,35,-0.15933,-0.26331,0.9228560196007934,False,True
Micro,min10_cells,HMGB1,21,0.22829,0.19112,0.8011999040975664,False,True
Micro,min10_cells,KL,2,-0.4501,0.18599,,False,False
Micro,min10_cells,NHLRC3,1,0.32909,0.32452,0.6779648888149845,False,True
Micro,min10_cells,ENOX1,2,-0.44629,-0.988,0.7337205611931022,False,True
Micro,min10_cells,ITM2B,3,-0.03445,0.17423,0.8817887256770179,False,False
Micro,min10_cells,SERPINE3,3,0.18623,0.47986,,False,True
Micro,min10_cells,THSD1,4,-0.67919,-0.09949,0.9784225422075228,False,True
Micro,min10_cells,PIBF1,1,0.01672,-0.03593,0.9778021042872208,False,False
Micro,min10_cells,CLN5,1,-0.18298,-0.128,0.9425980092679456,False,True
Micro,min10_cells,SLITRK1,3,-1.01376,-2.1781,0.2813547112829203,False,True
Micro,min10_cells,GPC5,35,0.09431,-0.10415,0.9778021042872208,False,False
Micro,min10_cells,GPC6,89,-0.17043,-0.84165,0.6638198105877773,False,True
Micro,min10_cells,ITGBL1,4,-0.44395,-0.37488,,False,True
Micro,min10_cells,TNFSF13B,3,0.13583,0.57172,0.6918096997838833,False,True
Micro,min10_cells,COL4A1,1,-0.46547,-0.14689,,False,True
Micro,min10_cells,COL4A2,1,-0.46547,-1.72918,0.4725155632114472,False,True
Micro,min10_cells,GAS6,2,0.09004,-0.29304,0.8626997302308936,False,False
Micro,min10_cells,RNASE4,2,-0.11014,-0.51705,,False,True
Micro,min10_cells,RNASE6,2,-0.07885,0.2685,0.9199564286553812,False,False
Micro,min10_cells,RNASE1,3,-0.16791,-0.5334,0.8767395580019713,False,True
Micro,min10_cells,RNASE2,1,0.22441,1.49209,0.637424201235972,False,True
Micro,min10_cells,C14orf93,1,0.11742,0.21835,0.9137959267210884,False,True
Micro,min10_cells,DHRS4L2,9,0.38311,0.48858,0.79923389592474,False,True
Micro,min10_cells,COCH,1,0.08695,0.45872,,False,True
Micro,min10_cells,FAM177A1,2,0.06583,-0.06027,0.9778021042872208,False,False
Micro,min10_cells,TMX1,1,0.02386,0.29403,0.7286125559039746,False,True
Micro,min10_cells,NID2,1,-0.41724,-3.38107,,False,True
Micro,min10_cells,TXNDC16,1,-0.06517,-0.04851,0.983125590448718,False,True
Micro,min10_cells,ERO1A,1,0.21137,0.03288,0.9867038242810588,False,True
Micro,min10_cells,LGALS3,1,0.41074,1.62286,0.4285105773492187,False,True
Micro,min10_cells,SMOC1,3,-0.21081,-1.14079,0.6885059224886078,False,True
Micro,min10_cells,PAPLN,5,0.12628,-0.02675,0.9944334774179237,False,False
Micro,min10_cells,ENTPD5,1,0.02655,0.23322,0.8958048654910094,False,True
Micro,min10_cells,NPC2,1,-0.07281,1.38666,0.0117761626699028,True,False
Micro,min10_cells,LTBP2,1,0.60736,0.70425,0.8254732877915085,False,True
Micro,min10_cells,TGFB3,3,0.18061,-0.06073,0.98738989740453,False,False
Micro,min10_cells,VASH1,6,0.08327,0.0195,0.9884125240330868,False,True
Micro,min10_cells,FLRT2,4,-0.3978,-0.53936,0.8589113472803211,False,True
Micro,min10_cells,CHGA,2,-0.10636,-1.22559,,False,True
Micro,min10_cells,SERPINA1,2,-0.00874,0.73317,0.7032631663249516,False,False
Micro,min10_cells,SERPINA3,1,-0.60441,2.98268,0.3958711981715416,False,False
Micro,min10_cells,HHIPL1,2,0.0315,-1.12476,0.5521296742662408,False,False
Micro,min10_cells,WDR25,3,0.20354,0.34065,0.7079733160193903,False,True
Micro,min10_cells,SCG5,2,-0.3313,-0.0825,0.983125590448718,False,True
Micro,min10_cells,GREM1,1,-0.56605,-1.74915,0.4287836443829149,False,True
Micro,min10_cells,SPINT1,2,-0.37954,1.58358,,False,False
Micro,min10_cells,B2M,2,0.12153,0.99747,0.2521849379894885,False,True
Micro,min10_cells,SORD,6,0.48217,-0.62804,0.6885059224886078,False,False
Micro,min10_cells,FBN1,1,0.02713,-1.88481,0.2694307121000003,False,False
Micro,min10_cells,FGF7,2,-0.25822,0.30593,,False,False
Micro,min10_cells,GLDN,8,0.16559,1.01609,0.2555463098183301,False,True
Micro,min10_cells,SCG3,1,0.51782,0.22557,0.9155731703909236,False,True
Micro,min10_cells,LIPC,6,0.6286,-0.03942,0.9867038242810588,False,False
Micro,min10_cells,ANXA2,1,0.92173,2.26352,0.3734538336553789,False,True
Micro,min10_cells,PPIB,1,-0.08434,0.71505,0.6735512149380031,False,False
Micro,min10_cells,C15orf61,1,0.14345,0.37478,0.849854167375868,False,True
Micro,min10_cells,SPESP1,1,0.40769,-0.19809,0.9121368655916042,False,False
Micro,min10_cells,THSD4,62,0.30645,-1.56596,0.4681202270484676,False,False
Micro,min10_cells,ADPGK,10,0.12877,0.22066,0.7922073987472623,False,True
Micro,min10_cells,CEMIP,1,-0.79141,0.38286,0.8382361450375905,False,False
Micro,min10_cells,IL16,24,0.19607,0.12192,0.9658874954590236,False,True
Micro,min10_cells,ADAMTSL3,2,-0.57573,-1.35423,0.6327582377397328,False,True
Micro,min10_cells,NMB,1,-0.05666,0.57395,,False,False
Micro,min10_cells,MFGE8,2,0.29086,-0.13148,0.9805166887454124,False,False
Micro,min10_cells,NGRN,1,0.06084,0.47455,0.7974408516996009,False,True
Micro,min10_cells,FURIN,5,0.08668,-1.05541,0.5557727049314108,False,False
Micro,min10_cells,RGMA,5,0.02312,0.01918,,False,True
Micro,min10_cells,ADAMTS17,1,-0.11199,0.51912,0.757767691715504,False,False
Micro,min10_cells,CHSY1,1,0.00068,-0.50307,0.6758777139832299,False,False
Micro,min10_cells,PCSK6,45,-0.48573,-1.34303,0.6735512149380031,False,True
Micro,min10_cells,METRN,2,-0.31561,-0.32061,0.89759172030714,False,True
Micro,min10_cells,GNPTG,1,-0.03592,-0.08322,0.9667595159489316,False,True
Micro,min10_cells,GFER,2,0.01851,1.27771,,False,True
Micro,min10_cells,PKD1,2,-0.10518,-0.35687,0.797768621911947,False,True
Micro,min10_cells,DNASE1,2,-0.00839,-0.26397,0.8618677759269882,False,True
Micro,min10_cells,C16orf89,1,-0.29025,0.74323,,False,False
Micro,min10_cells,XYLT1,1,0.03976,-0.4964,0.6735512149380031,False,False
Micro,min10_cells,CLEC19A,2,0.38193,0.2505,0.9206705313996362,False,True
Micro,min10_cells,OTOA,3,0.62878,0.29594,,False,True
Micro,min10_cells,VWA3A,8,0.29647,-0.92824,,False,False
Micro,min10_cells,IL4R,12,0.12289,0.10991,0.9723128631671984,False,True
Micro,min10_cells,IL27,3,-0.16011,-0.94949,,False,True
Micro,min10_cells,CTF1,2,-0.12458,1.02407,,False,False
Micro,min10_cells,PRSS53,1,0.33887,-1.19595,,False,False
Micro,min10_cells,ITFG1,1,0.06767,0.0762,0.9430395017851168,False,True
Micro,min10_cells,MMP2,13,0.51336,0.99915,0.6735512149380031,False,True
Micro,min10_cells,RSPRY1,1,0.00488,-0.35339,0.6528208378909074,False,False
Micro,min10_cells,CX3CL1,1,0.09441,-0.88684,,False,False
Micro,min10_cells,ADGRG1,11,-0.10309,-0.17198,0.9136662455451328,False,True
Micro,min10_cells,CKLF,2,-0.06549,0.17339,0.912020471534672,False,False
Micro,min10_cells,CES4A,4,-0.14142,-0.64519,0.8232550417028589,False,True
Micro,min10_cells,GFOD2,1,-0.02454,0.40337,0.8273210098527021,False,False
Micro,min10_cells,NRN1L,2,-0.77997,-0.14341,,False,True
Micro,min10_cells,LCAT,3,-0.51964,-0.66262,,False,True
Micro,min10_cells,PLA2G15,3,0.11317,0.02769,0.9869621732378084,False,True
Micro,min10_cells,ST3GAL2,11,0.01305,-0.31955,0.7884167284388122,False,False
Micro,min10_cells,IL34,14,-0.50861,-0.96153,,False,True
Micro,min10_cells,ADAMTS18,1,0.08996,-2.19063,0.664010810679944,False,False
Micro,min10_cells,MBTPS1,1,-0.18823,0.202,0.7883780924748035,False,False
Micro,min10_cells,CRISPLD2,2,0.21096,-0.32348,0.9475805482961552,False,False
Micro,min10_cells,SERPINF2,4,0.23928,0.93348,,False,True
Micro,min10_cells,SERPINF1,2,0.01414,-0.11513,0.979881600644248,False,False
Micro,min10_cells,CYB5D2,1,0.14804,0.27935,0.8831277669754881,False,True
Micro,min10_cells,CXCL16,1,0.00545,0.72968,0.4847482572804165,False,True
Micro,min10_cells,VMO1,1,0.39598,1.52801,,False,True
Micro,min10_cells,C1QBP,1,-0.03778,0.50335,0.7974408516996009,False,False
Micro,min10_cells,TNFSF12,1,-0.31924,0.59031,0.7034059656945874,False,False
Micro,min10_cells,TNFSF13,2,0.00911,0.29443,0.9206705313996362,False,True
Micro,min10_cells,NTN1,2,-0.16095,-0.37697,,False,True
Micro,min10_cells,MTRNR2L1,2,1.30611,0.4672,0.9667595159489316,False,True
Micro,min10_cells,LGALS9,3,0.16116,1.05537,0.0272680826378428,True,True
Micro,min10_cells,SDF2,1,-0.02824,-0.02411,0.9901023463520175,False,True
Micro,min10_cells,DHRS13,1,-0.05373,-0.49222,,False,True
Micro,min10_cells,ABHD15,2,0.40044,0.54887,0.8298811616844042,False,True
Micro,min10_cells,TMEM98,1,-0.429,-1.20479,0.7286125559039746,False,True
Micro,min10_cells,CCL2,1,-0.84071,-0.2052,0.9709778553583822,False,True
Micro,min10_cells,MMP28,2,-0.0893,-0.56259,0.8778805032297834,False,True
Micro,min10_cells,CCL3,2,0.31726,0.90657,0.775839884358835,False,True
Micro,min10_cells,CCL4,2,0.70228,2.39065,0.4681202270484676,False,True
Micro,min10_cells,CCL3L1,2,0.32269,3.78762,0.3123346880471405,False,True
Micro,min10_cells,CCL4L2,2,0.31153,2.23236,0.7162941945052324,False,True
Micro,min10_cells,DHRS11,1,-0.1323,-0.51128,,False,True
Micro,min10_cells,PLXDC1,2,-0.06388,0.2719,0.9421807579758044,False,False
Micro,min10_cells,IFI35,1,0.25457,0.9047,0.7566319016239506,False,True
Micro,min10_cells,GRN,3,0.19679,0.48738,0.7250497823731302,False,True
Micro,min10_cells,MAPT,19,-0.27135,-0.90521,0.6735512149380031,False,True
Micro,min10_cells,XYLT2,1,0.32618,-0.27672,0.914174109213936,False,False
Micro,min10_cells,SPATA20,1,0.30224,1.01351,0.5399138313984689,False,True
Micro,min10_cells,CA10,3,-0.623,-1.7512,0.2763861647239366,False,True
Micro,min10_cells,C17orf67,1,0.01985,0.41186,0.7697270834272072,False,True
Micro,min10_cells,SCPEP1,1,0.03595,0.68975,0.4139726100603056,False,True
Micro,min10_cells,FAM20A,13,-0.20151,0.77011,0.836273330164571,False,False
Micro,min10_cells,TIMP2,18,0.02208,0.21656,0.793118182865986,False,True
Micro,min10_cells,LGALS3BP,1,-0.16576,-0.3742,0.914174109213936,False,True
Micro,min10_cells,CANT1,5,0.08582,-0.72765,0.6710647991296044,False,False
Micro,min10_cells,NPTX1,3,0.09573,-0.49349,0.8834295608112228,False,False
Micro,min10_cells,P4HB,1,0.08941,0.53527,0.7315041475657473,False,True
Micro,min10_cells,METRNL,1,0.38606,0.91854,0.8086439025304105,False,True
Micro,min10_cells,CLUL1,5,0.34979,0.14426,,False,True
Micro,min10_cells,EMILIN2,3,-0.29671,0.3392,0.914174109213936,False,False
Micro,min10_cells,LAMA1,25,0.2312,-0.37671,,False,False
Micro,min10_cells,TWSG1,1,0.1159,0.13823,0.921936628194486,False,True
Micro,min10_cells,LAMA3,29,0.23466,-1.52738,,False,False
Micro,min10_cells,CHST9,8,-0.20161,-0.42334,0.9199706632216418,False,True
Micro,min10_cells,TTR,8,0.12633,-1.9274,0.3279011766858833,False,False
Micro,min10_cells,GALNT1,1,-0.29646,0.43799,0.538526932685135,False,False
Micro,min10_cells,LIPG,4,0.18343,2.59732,0.0337516982810393,True,True
Micro,min10_cells,C18orf54,1,-0.05119,-0.1687,0.9416758205219352,False,True
Micro,min10_cells,TCF4,89,-0.0339,-0.21868,0.8672063379843421,False,True
Micro,min10_cells,CCBE1,36,-0.07645,-0.72595,0.8237686901061453,False,True
Micro,min10_cells,CBLN2,17,0.16379,-1.67203,0.4681202270484676,False,False
Micro,min10_cells,NETO1,2,-0.76523,-0.76702,0.7618496213223617,False,True
Micro,min10_cells,CNDP1,1,-0.17123,-1.29599,0.6559694113328579,False,True
Micro,min10_cells,FSTL3,3,-0.05131,0.61946,,False,False
Micro,min10_cells,CFD,2,0.26068,0.53912,0.8657801500112366,False,True
Micro,min10_cells,IZUMO4,1,-0.06339,1.00131,,False,False
Micro,min10_cells,EBI3,1,0.0677,0.20452,0.9228560196007934,False,True
Micro,min10_cells,MYDGF,2,0.20091,0.76223,0.5399138313984689,False,True
Micro,min10_cells,HSD11B1L,1,0.25907,-0.39234,0.9096035911977662,False,False
Micro,min10_cells,C3,2,0.18517,-0.23033,0.9078045282981672,False,False
Micro,min10_cells,ANGPTL4,2,-0.15032,0.48581,,False,False
Micro,min10_cells,ADAMTS10,4,-0.01829,0.12765,0.9525913566942152,False,False
Micro,min10_cells,OLFM2,19,0.18201,-0.59396,0.7015761196307667,False,False
Micro,min10_cells,ANGPTL6,3,-0.1624,-0.29104,,False,True
Micro,min10_cells,EPOR,2,-0.10171,0.24296,0.916988997935279,False,False
Micro,min10_cells,MAN2B1,2,0.07808,0.11955,0.94557585008176,False,True
Micro,min10_cells,CALR,1,0.29849,0.42566,0.8397807847563443,False,True
Micro,min10_cells,SAMD1,1,0.10552,-0.28362,0.9151068584897082,False,False
Micro,min10_cells,ADGRE5,1,0.0792,-1.04978,0.5549741272807293,False,False
Micro,min10_cells,ADGRE3,4,0.01835,0.65715,,False,True
Micro,min10_cells,CPAMD8,2,1.09544,-0.36231,,False,False
Micro,min10_cells,IFI30,1,0.29261,1.22546,0.4477463444705176,False,True
Micro,min10_cells,CRLF1,2,-0.32609,0.87619,,False,False
Micro,min10_cells,NCAN,3,0.09232,-0.88215,0.7477273087441679,False,False
Micro,min10_cells,GPI,1,-0.18459,-0.24262,0.8273210098527021,False,True
Micro,min10_cells,SCGB2B2,13,-0.07064,-0.98307,0.3991193199640238,False,True
Micro,min10_cells,SCN1B,2,-0.13487,-0.3094,0.8377157704140609,False,True
Micro,min10_cells,LGI4,1,0.01513,-0.24775,0.958657302734436,False,False
Micro,min10_cells,HAMP,3,-0.06601,0.01883,0.996841877751159,False,False
Micro,min10_cells,CATSPERG,1,-0.15632,-0.73594,0.5158412178622995,False,True
Micro,min10_cells,FCGBP,6,0.63964,0.63222,0.7717807693159353,False,True
Micro,min10_cells,LTBP4,7,0.03308,-0.33663,0.912020471534672,False,False
Micro,min10_cells,TGFB1,2,0.21642,-0.18394,0.903451413586404,False,False
Micro,min10_cells,CEACAM1,1,0.09607,1.37336,0.3810439992619597,False,True
Micro,min10_cells,PSG8,9,-0.73836,-0.68122,,False,True
Micro,min10_cells,PINLYP,2,-0.01386,0.49484,,False,False
Micro,min10_cells,PLAUR,2,0.04666,0.52663,0.8232550417028589,False,True
Micro,min10_cells,PVR,1,0.08336,0.04615,0.9884125240330868,False,True
Micro,min10_cells,APOE,3,0.23275,1.12143,0.0982944372529678,True,True
Micro,min10_cells,APOC1,2,-0.01805,1.89978,0.0238024598252908,True,False
Micro,min10_cells,APOC4,1,0.1057,0.4575,,False,True
Micro,min10_cells,APOC2,4,-0.03243,0.28023,0.910216163855802,False,False
Micro,min10_cells,IGFL4,7,0.16902,-0.53922,,False,False
Micro,min10_cells,FKRP,2,-0.04194,-0.12392,0.9658629151379086,False,True
Micro,min10_cells,CA11,1,0.06607,0.55487,0.8771477320289207,False,True
Micro,min10_cells,NUCB1,1,0.20163,0.08707,0.9778021042872208,False,True
Micro,min10_cells,FLT3LG,2,0.34836,-0.19886,,False,False
Micro,min10_cells,IL4I1,9,0.02182,1.21292,0.6779648888149845,False,True
Micro,min10_cells,EMC10,2,-0.27579,-0.14303,0.96662662111341,False,True
Micro,min10_cells,CLEC11A,2,0.20997,0.61131,0.844016022768927,False,True
Micro,min10_cells,KLK6,1,-0.2022,-0.85405,0.7928835833559809,False,True
Micro,min10_cells,IGLON5,2,0.63065,-0.79622,,False,False
Micro,min10_cells,SIGLEC10,2,0.11184,0.07973,0.9790094959447708,False,True
Micro,min10_cells,OSCAR,2,0.09541,0.00119,0.99914225344021,False,True
Micro,min10_cells,LAIR2,1,0.51765,-0.18268,,False,False
Micro,min10_cells,LILRA2,1,-0.01302,0.47509,0.7199293538772858,False,False
Micro,min10_cells,LILRB1,3,0.07497,0.28265,0.888558713622352,False,True
Micro,min10_cells,FCAR,2,0.3849,1.21551,0.6121088873267704,False,True
Micro,min10_cells,EDDM13,2,1.10551,-0.13665,0.9719639080242796,False,False
Micro,min10_cells,A1BG,1,-0.05378,0.62196,0.8130055267153142,False,False
Micro,min10_cells,RSPO4,2,-0.95197,-0.32822,,False,True
Micro,min10_cells,PDYN,2,0.34898,0.86336,,False,True
Micro,min10_cells,ATRN,1,0.34718,0.27643,0.7094790527057141,False,True
Micro,min10_cells,SIGLEC1,1,0.40991,0.79747,0.787540684211597,False,True
Micro,min10_cells,C20orf27,2,0.05516,0.16336,0.9392564013487562,False,True
Micro,min10_cells,CHGB,2,-0.78533,0.75868,0.807993931689967,False,False
Micro,min10_cells,FLRT3,1,-0.10524,-0.68336,0.784719906287843,False,True
Micro,min10_cells,PCSK2,2,-0.52522,-0.79583,0.6694787257623794,False,True
Micro,min10_cells,CST3,2,0.43898,0.444,0.7776089339870019,False,True
Micro,min10_cells,CST7,3,0.76011,-0.94987,,False,False
Micro,min10_cells,ENTPD6,1,0.00669,0.22706,0.8739923334022928,False,True
Micro,min10_cells,ASIP,11,0.3748,-0.44434,,False,False
Micro,min10_cells,MMP24,1,0.15834,0.11216,0.967922918353026,False,True
Micro,min10_cells,SOGA1,2,0.2219,-0.00529,0.9961919226004656,False,False
Micro,min10_cells,VSTM2L,2,0.11385,0.23965,0.9679368244186296,False,True
Micro,min10_cells,SDC4,1,0.36366,-0.75001,0.8062219581709099,False,False
Micro,min10_cells,PLTP,1,0.47373,0.01236,0.9975867760024753,False,True
Micro,min10_cells,CD40,1,-0.08365,-0.38006,0.81745377114195,False,True
Micro,min10_cells,SULF2,1,-0.47898,-1.61412,0.1321999672855714,False,True
Micro,min10_cells,BMP7,1,-0.33328,-0.98858,0.6624082141155332,False,True
Micro,min10_cells,GNAS,21,0.16871,0.1404,0.8833326616255912,False,True
Micro,min10_cells,LAMA5,1,-0.69019,-0.96984,,False,True
Micro,min10_cells,COL9A3,1,-0.29453,-0.84428,0.8836229531762341,False,True
Micro,min10_cells,CXADR,1,-0.34403,-0.11303,0.9206705313996362,False,True
Micro,min10_cells,APP,8,-0.07433,-1.06826,0.4053486001848584,False,True
Micro,min10_cells,ADAMTS1,2,-0.56001,-0.18927,,False,True
Micro,min10_cells,C21orf62,1,0.42975,0.64268,,False,True
Micro,min10_cells,IFNAR2,1,0.17017,0.1718,0.920557097387778,False,True
Micro,min10_cells,DSCAM,91,0.44976,0.16848,0.9253652386528424,False,True
Micro,min10_cells,FAM3B,2,-0.369,-2.48507,,False,True
Micro,min10_cells,COL18A1,14,0.38303,-0.23135,0.9136662455451328,False,False
Micro,min10_cells,S100B,2,0.05758,-0.10075,0.9779740533145884,False,False
Micro,min10_cells,IL17RA,1,-0.36431,0.08392,0.9764696328831908,False,False
Micro,min10_cells,ADA2,5,-0.14193,0.35171,0.8436023954634319,False,False
Micro,min10_cells,C22orf39,1,-0.41197,-0.59854,0.7251943102174963,False,True
Micro,min10_cells,SERPIND1,4,0.17505,0.31697,,False,True
Micro,min10_cells,MIF,1,0.23709,0.74502,0.6354663448256995,False,True
Micro,min10_cells,EMID1,1,-0.11892,-0.79892,0.4847482572804165,False,True
Micro,min10_cells,OSM,3,0.19463,1.07137,,False,True
Micro,min10_cells,TCN2,3,0.16853,0.33954,,False,True
Micro,min10_cells,TIMP3,3,0.14442,0.30048,0.932037166724274,False,True
Micro,min10_cells,APOL1,2,-0.02383,0.16519,,False,False
Micro,min10_cells,C1QTNF6,2,-0.17279,0.11714,0.9778021042872208,False,False
Micro,min10_cells,LGALS1,1,0.41306,1.07042,0.6132770177471943,False,True
Micro,min10_cells,PDGFB,4,0.09096,1.07538,0.2362356191235299,False,True
Micro,min10_cells,CHADL,2,-0.21014,-1.2304,0.6244632716712853,False,True
Micro,min10_cells,CCDC134,1,-0.13074,-0.56695,0.7974408516996009,False,True
Micro,min10_cells,FBLN1,3,0.41109,0.04571,,False,True
Micro,min10_cells,WNT7B,5,0.46116,-0.61925,,False,False
Micro,min10_cells,TAFA5,61,-0.32301,-0.72176,0.7438151861779303,False,True
Micro,min10_cells,CSF2RA,5,0.09504,0.02892,0.9873080287848106,False,True
Micro,min10_cells,DHRSX,2,0.13945,-0.49413,0.4875821377694684,False,False
Micro,min10_cells,ANOS1,1,0.33113,0.20077,0.9151068584897082,False,True
Micro,min10_cells,VEGFD,2,0.30243,-0.45259,,False,False
Micro,min10_cells,APOO,1,0.33447,0.02677,0.9873080287848106,False,True
Micro,min10_cells,SRPX,1,0.21565,-0.78738,,False,False
Micro,min10_cells,NDP,2,-0.17977,-1.17905,0.7472766824909725,False,True
Micro,min10_cells,DIPK2B,1,0.48686,-1.30938,0.7292794335786829,False,False
Micro,min10_cells,TIMP1,1,0.1826,1.87223,0.5575498415748815,False,True
Micro,min10_cells,PCSK1N,2,-0.10961,0.95084,0.6411030097559604,False,False
Micro,min10_cells,EDA,5,0.09488,0.14949,0.919153609907122,False,True
Micro,min10_cells,PDZD11,1,0.23711,0.91842,,False,True
Micro,min10_cells,COL4A5,9,-0.05425,-1.15598,0.7635816968751505,False,True
Micro,min10_cells,CHRDL1,1,0.5099,-0.55565,,False,False
Micro,min10_cells,PGRMC1,1,-0.25412,0.35941,0.9001135606145372,False,False
Micro,min10_cells,ENOX2,38,-0.05543,0.00789,0.996044404275248,False,False
Micro,min10_cells,GPC4,2,0.60374,-0.22401,,False,False
Micro,min10_cells,FGF13,15,0.27724,0.08874,0.980981764527604,False,True
Micro,min10_cells,CD99L2,1,-0.10063,-0.07281,0.9461719634776844,False,True
Micro,min10_cells,FAM3A,1,-0.19817,-0.7541,0.7180998659126726,False,True
Micro,min10_cells,F8,3,-0.25765,0.31603,0.902195484978374,False,False
Oligo,all_donors,ISG15,5,-0.32744,0.78505,0.8166954097246107,False,False
Oligo,all_donors,AGRN,1,0.23256,0.16296,0.9198465813364282,False,True
Oligo,all_donors,VWA1,3,0.13334,0.48503,0.6901565080874353,False,True
Oligo,all_donors,MEGF6,25,-0.35942,0.07371,0.9864562139367992,False,False
Oligo,all_donors,TNFRSF25,1,-0.17591,0.98248,0.8521105793340067,False,False
Oligo,all_donors,CA6,2,-0.28777,0.30116,0.9585276098906348,False,False
Oligo,all_donors,CORT,1,-0.53843,-0.2717,0.9530487718993484,False,True
Oligo,all_donors,ANGPTL7,2,0.06438,-0.08386,0.984077057763867,False,False
Oligo,all_donors,DRAXIN,2,0.11562,0.19979,0.960410253589615,False,True
Oligo,all_donors,NPPA,2,-0.58151,1.82319,0.6180621799731767,False,False
Oligo,all_donors,TNFRSF1B,2,-0.24998,0.56791,0.8732726315385382,False,False
Oligo,all_donors,CELA2B,1,0.03629,0.56336,0.8299872207753898,False,True
Oligo,all_donors,NBL1,14,-0.1041,0.36664,0.91760706038453,False,False
Oligo,all_donors,PLA2G5,1,-0.36034,0.79171,0.9083777059005664,False,False
Oligo,all_donors,HSPG2,2,0.15766,0.02922,0.988782323958001,False,True
Oligo,all_donors,WNT4,1,-0.07822,-0.2559,0.9511941338329052,False,True
Oligo,all_donors,C1QA,2,0.11151,2.90356,0.1510782498122283,False,True
Oligo,all_donors,C1QC,3,-0.26408,2.24237,0.4219610406612866,False,False
Oligo,all_donors,C1QB,3,-0.35965,2.53671,0.215431588832206,False,False
Oligo,all_donors,MATN1,1,-0.25323,-0.24763,0.9506260758206012,False,True
Oligo,all_donors,COL16A1,3,0.21516,-0.21564,0.9269195279242748,False,False
Oligo,all_donors,ADGRB2,5,-0.04362,-0.42507,0.8521105793340067,False,True
Oligo,all_donors,FNDC5,2,-0.16872,-0.63032,0.8506813841715811,False,True
Oligo,all_donors,COL8A2,7,-0.35461,0.86859,0.8506813841715811,False,False
Oligo,all_donors,CSF3R,1,0.22371,-0.16765,0.9722245119076312,False,False
Oligo,all_donors,EPHA10,3,-0.33555,-0.01775,0.9954756779110407,False,True
Oligo,all_donors,BMP8A,3,-0.21516,-0.38735,0.8521105793340067,False,True
Oligo,all_donors,BMP8B,2,-0.28746,-0.83381,0.4526053727890404,False,True
Oligo,all_donors,PPT1,6,-0.15797,-0.04699,0.9673667747762454,False,True
Oligo,all_donors,COL9A2,1,0.13902,-0.07492,0.9623258486315684,False,False
Oligo,all_donors,YBX1,1,0.18299,0.09521,0.91130988494707,False,True
Oligo,all_donors,P3H1,1,0.11932,-0.14497,0.9171410446399731,False,False
Oligo,all_donors,SVBP,1,0.18572,0.01954,0.9924667498497394,False,True
Oligo,all_donors,ST3GAL3,7,-0.0151,-0.04736,0.9443079582728704,False,True
Oligo,all_donors,SPATA6,1,0.19985,-0.40401,0.5329459249092016,False,False
Oligo,all_donors,GPX7,1,-0.11002,0.24153,0.9423385382899764,False,False
Oligo,all_donors,LRP8,1,-0.24312,-0.27302,0.9269195279242748,False,True
Oligo,all_donors,CDCP2,1,0.09832,0.34734,0.9392235698495188,False,True
Oligo,all_donors,SSBP3-AS1,1,0.03162,-0.35646,0.9414225576139192,False,False
Oligo,all_donors,LEPR,20,0.14199,-0.35024,0.7745919251350903,False,False
Oligo,all_donors,CCN1,2,-0.10448,0.48945,0.9485393544390732,False,False
Oligo,all_donors,COL24A1,1,-0.60057,-1.39346,0.6274091201876272,False,True
Oligo,all_donors,CLCA2,1,0.14701,-0.65631,0.7766503399500647,False,False
Oligo,all_donors,CLCA4,1,0.21776,0.50341,0.6686756337389113,False,True
Oligo,all_donors,GBP1,1,0.18197,0.45824,0.9403338631058912,False,True
Oligo,all_donors,TGFBR3,9,0.36058,-0.26124,0.9313394262978272,False,False
Oligo,all_donors,F3,2,0.25829,0.14597,0.9613856868073354,False,True
Oligo,all_donors,VCAM1,2,0.10228,0.91657,0.868309399503223,False,True
Oligo,all_donors,EXTL2,1,0.2337,0.15252,0.8941257636842888,False,True
Oligo,all_donors,OLFM3,25,-0.1679,-0.40366,0.90828170944899,False,True
Oligo,all_donors,COL11A1,1,-0.02286,-0.31838,0.9390108201398022,False,True
Oligo,all_donors,AMY2B,3,0.00126,0.08888,0.936477385401717,False,True
Oligo,all_donors,CSF1,2,0.17842,0.14366,0.9447431932907222,False,True
Oligo,all_donors,CHI3L2,12,0.11962,1.43767,0.761108670532819,False,True
Oligo,all_donors,WNT2B,3,-0.19589,0.30904,0.7611813871271617,False,False
Oligo,all_donors,OLFML3,2,-0.25678,-0.63724,0.9362656278786242,False,True
Oligo,all_donors,NGF,1,-0.066,-0.20318,0.9673667747762454,False,True
Oligo,all_donors,CD160,3,-0.28601,-0.52636,0.9242992569638688,False,True
Oligo,all_donors,NOTCH2NLA,1,-0.01751,0.12142,0.9739552415598178,False,False
Oligo,all_donors,NOTCH2NLC,1,0.16668,0.88738,0.7342685757716966,False,True
Oligo,all_donors,C1orf54,3,0.09661,0.05787,0.9839222297967716,False,True
Oligo,all_donors,ECM1,3,0.51961,0.18341,0.9403338631058912,False,True
Oligo,all_donors,CTSS,2,-0.00941,1.2727,0.3211034644812396,False,False
Oligo,all_donors,CTSK,2,-0.23838,-0.06389,0.9826665862415238,False,True
Oligo,all_donors,C1orf56,2,0.26938,0.23553,0.9426636951677192,False,True
Oligo,all_donors,TUFT1,1,0.00667,-0.08607,0.9764288906512568,False,False
Oligo,all_donors,S100A9,1,0.12275,1.19009,0.8955318046250319,False,True
Oligo,all_donors,S100A8,1,0.09319,1.81582,0.785561974245967,False,True
Oligo,all_donors,S100A4,3,-0.0726,1.34682,0.583668773051218,False,False
Oligo,all_donors,S100A13,2,-0.15459,0.15901,0.9567549032284328,False,False
Oligo,all_donors,IL6R,3,-0.2106,-0.49825,0.8299872207753898,False,True
Oligo,all_donors,EFNA4,2,-0.24976,0.80738,0.8475047665146977,False,False
Oligo,all_donors,EFNA1,2,0.24197,0.4516,0.6661306968176193,False,True
Oligo,all_donors,THBS3,1,0.0788,0.05129,0.9860265610667588,False,True
Oligo,all_donors,BGLAP,2,-0.15852,1.18411,0.6686756337389113,False,False
Oligo,all_donors,NAXE,2,0.10296,0.48895,0.8369125506591578,False,True
Oligo,all_donors,HAPLN2,1,0.14899,0.39381,0.8299872207753898,False,True
Oligo,all_donors,BCAN,2,0.37058,-0.01235,0.9974828289232344,False,False
Oligo,all_donors,HDGF,1,0.11328,0.10572,0.9362656278786242,False,True
Oligo,all_donors,COPA,1,-0.11436,-0.11308,0.8941257636842888,False,True
Oligo,all_donors,ADAMTS4,4,0.16001,-0.01998,0.9875389755054692,False,False
Oligo,all_donors,FCGR3A,1,-0.22953,1.88027,0.5486572091142387,False,False
Oligo,all_donors,FCRLA,1,-0.11355,0.75089,0.9128363030949688,False,False
Oligo,all_donors,OLFML2B,14,0.05602,0.32818,0.8941257636842888,False,True
Oligo,all_donors,CREG1,1,-0.02556,0.16661,0.8987831620341941,False,False
Oligo,all_donors,DPT,1,-0.36161,1.86386,0.4860787966177731,False,False
Oligo,all_donors,F5,2,-0.20652,0.57801,0.8520101042502813,False,False
Oligo,all_donors,TNN,2,-0.65542,-0.95543,0.8915657341359929,False,True
Oligo,all_donors,TNR,3,-0.19165,-0.97786,0.6901565080874353,False,True
Oligo,all_donors,PAPPA2,1,-0.38439,0.39038,0.558831343693205,False,False
Oligo,all_donors,BRINP2,1,-0.23849,-0.25637,0.8970816616774369,False,True
Oligo,all_donors,ANGPTL1,1,0.44718,-0.25361,0.94838924523625,False,False
Oligo,all_donors,QSOX1,2,0.07407,-0.05708,0.9430898001402525,False,False
Oligo,all_donors,MR1,1,-0.05224,0.13589,0.9599952311147087,False,False
Oligo,all_donors,LAMC1,1,0.0607,-0.55157,0.8592050854981844,False,False
Oligo,all_donors,LAMC2,1,-0.11009,-0.30515,0.959045491822385,False,True
Oligo,all_donors,HMCN1,1,0.2382,-0.25735,0.9392235698495188,False,False
Oligo,all_donors,BRINP3,3,0.15857,-0.88874,0.7611813871271617,False,False
Oligo,all_donors,CFH,2,-0.42897,0.13302,0.9807750780587688,False,False
Oligo,all_donors,CRB1,31,-0.04037,-0.0968,0.945065633544775,False,True
Oligo,all_donors,RNPEP,1,-0.11835,0.06901,0.9524256009468204,False,False
Oligo,all_donors,CHI3L1,2,-0.1214,2.32295,0.5924331297460975,False,False
Oligo,all_donors,CHIT1,1,-0.47803,-0.28136,0.9362656278786242,False,True
Oligo,all_donors,PRELP,3,0.25989,-0.02609,0.995833966128294,False,False
Oligo,all_donors,CNTN2,2,0.24724,0.09623,0.8962917065291774,False,True
Oligo,all_donors,PM20D1,2,-0.33873,-0.79548,0.8480390082918806,False,True
Oligo,all_donors,IL19,17,-0.27519,0.75597,0.9100978233927064,False,False
Oligo,all_donors,C4BPB,1,-0.1195,0.05291,0.9924667498497394,False,False
Oligo,all_donors,C4BPA,1,-0.10922,0.58722,0.785561974245967,False,False
Oligo,all_donors,CD55,1,0.00422,-0.1527,0.9362656278786242,False,False
Oligo,all_donors,CR1L,1,-0.28067,-0.00862,0.9981518664611336,False,True
Oligo,all_donors,LAMB3,3,0.04815,-0.06663,0.9875389755054692,False,False
Oligo,all_donors,NENF,1,0.08435,0.10694,0.9623258486315684,False,True
Oligo,all_donors,VASH2,2,-0.35469,-0.02837,0.9927433659115152,False,True
Oligo,all_donors,USH2A,2,0.32004,-0.77546,0.6182689500215894,False,False
Oligo,all_donors,TGFB2,3,0.06834,-0.14333,0.9541185376344388,False,False
Oligo,all_donors,SUSD4,1,0.31512,-1.13527,0.7207473455400751,False,False
Oligo,all_donors,LEFTY1,2,-0.22966,0.16978,0.9578468939013371,False,False
Oligo,all_donors,WNT9A,2,-0.0731,-0.15735,0.9739552415598178,False,True
Oligo,all_donors,GALNT2,1,0.11935,0.11534,0.9136197279845528,False,True
Oligo,all_donors,AGT,1,-0.04778,0.3973,0.9064687967526672,False,False
Oligo,all_donors,NID1,2,-0.15356,-1.00053,0.8732726315385382,False,True
Oligo,all_donors,GREM2,1,0.19144,-0.72183,0.9075486707110896,False,False
Oligo,all_donors,NLRP3,2,0.37888,0.08995,0.9861046733894367,False,True
Oligo,all_donors,LYPD8,2,-0.0874,0.45226,0.9362656278786242,False,False
Oligo,all_donors,ALKAL2,1,0.16498,0.48798,0.8521105793340067,False,True
Oligo,all_donors,PXDN,1,-0.71978,-1.30899,0.633110814924715,False,True
Oligo,all_donors,COLEC11,5,-0.4589,1.10908,0.8462080156305637,False,False
Oligo,all_donors,GDF7,1,-0.64181,-0.53587,0.9296701466344708,False,True
Oligo,all_donors,POMC,1,-0.02135,-1.66767,0.7159566118042388,False,True
Oligo,all_donors,EMILIN1,1,-0.08237,-0.35325,0.9506260758206012,False,True
Oligo,all_donors,CGREF1,2,-0.34471,-0.76491,0.8113549394320176,False,True
Oligo,all_donors,UCN,2,-1.07528,0.86538,0.4219610406612866,False,False
Oligo,all_donors,FNDC4,1,-0.13826,-0.08543,0.9842742596545272,False,True
Oligo,all_donors,LTBP1,27,-0.00038,-0.21673,0.9193443526232542,False,True
Oligo,all_donors,CRIM1,2,0.38714,0.34026,0.7672352218898817,False,True
Oligo,all_donors,QPCT,2,-0.35274,0.51827,0.91760706038453,False,False
Oligo,all_donors,PKDCC,2,0.111,-0.14987,0.9659580637804812,False,False
Oligo,all_donors,EFEMP1,1,-0.15504,0.70312,0.6258726548273122,False,False
Oligo,all_donors,TGFA,2,0.2065,-0.05797,0.9403338631058912,False,False
Oligo,all_donors,PRADC1,1,0.13648,0.40087,0.8520101042502813,False,True
Oligo,all_donors,LOXL3,1,0.17553,0.75578,0.7577802765714435,False,True
Oligo,all_donors,GNLY,1,-0.28181,1.15509,0.7797904152110069,False,False
Oligo,all_donors,CD8A,2,-0.28652,-0.2726,0.9508206637708227,False,True
Oligo,all_donors,THNSL2,2,0.21162,0.52643,0.8536347956186694,False,True
Oligo,all_donors,MGAT4A,11,-0.04804,0.20998,0.8341299015899023,False,False
Oligo,all_donors,CREG2,2,0.1242,-0.04743,0.9864562139367992,False,False
Oligo,all_donors,IL1R1,9,0.13338,0.73678,0.8624400287698031,False,True
Oligo,all_donors,ECRG4,1,-0.49507,0.798,0.8512125871059301,False,False
Oligo,all_donors,FBLN7,2,-0.40609,-0.05765,0.988115067122558,False,True
Oligo,all_donors,C1QL2,1,-0.35973,0.50934,0.9276482291516448,False,False
Oligo,all_donors,INHBB,1,-0.50914,0.3421,0.9508206637708227,False,False
Oligo,all_donors,PROC,1,-0.36641,-0.02183,0.996959416243814,False,True
Oligo,all_donors,MGAT5,36,-0.00891,-0.06951,0.960554937613807,False,True
Oligo,all_donors,NXPH2,3,0.07298,-0.46939,0.918565782352707,False,False
Oligo,all_donors,LYPD6,3,0.08245,0.32767,0.8941257636842888,False,True
Oligo,all_donors,NMI,1,0.26384,0.51382,0.8362921146840738,False,True
Oligo,all_donors,TNFAIP6,2,-0.4691,-0.3787,0.8049950880898739,False,True
Oligo,all_donors,PLA2R1,3,-0.14107,-0.12828,0.9727027125737252,False,True
Oligo,all_donors,FAP,3,0.12576,1.42329,0.1510782498122283,False,True
Oligo,all_donors,FRZB,2,-0.31803,-0.34044,0.9068834936195328,False,True
Oligo,all_donors,TFPI,3,0.00642,0.82391,0.8310029504983052,False,True
Oligo,all_donors,COL5A2,1,0.09323,0.2998,0.920365443897046,False,True
Oligo,all_donors,MSTN,4,0.12858,0.3219,0.9362656278786242,False,True
Oligo,all_donors,TMEFF2,3,0.33508,0.06494,0.9673667747762454,False,True
Oligo,all_donors,NRP2,2,0.59968,0.70749,0.633110814924715,False,True
Oligo,all_donors,ADAM23,1,0.38919,-0.14504,0.9302765364098684,False,False
Oligo,all_donors,VWC2L,1,0.04188,-2.17474,0.176815713501053,False,False
Oligo,all_donors,FN1,1,-0.04159,0.14371,0.921308890921271,False,False
Oligo,all_donors,IGFBP2,4,-0.24957,0.93401,0.7540430835029771,False,False
Oligo,all_donors,IGFBP5,2,0.02627,-0.26234,0.9511941338329052,False,False
Oligo,all_donors,ABCB6,1,0.20678,0.16953,0.936477385401717,False,True
Oligo,all_donors,GLB1L,2,0.09354,-0.13077,0.968242777638234,False,False
Oligo,all_donors,INHA,1,-0.52499,-1.93143,0.7611813871271617,False,True
Oligo,all_donors,SCG2,2,-0.25665,-0.30998,0.8974033596796536,False,True
Oligo,all_donors,SERPINE2,3,0.08067,-0.05064,0.9811966632758145,False,False
Oligo,all_donors,COL4A4,1,-0.18067,-0.72981,0.8373226038847789,False,True
Oligo,all_donors,COL4A3,1,-0.18067,-0.16191,0.9392235698495188,False,True
Oligo,all_donors,NPPC,1,0.15826,0.88335,0.7946724074937744,False,True
Oligo,all_donors,SNORC,2,0.24013,-0.25532,0.91130988494707,False,False
Oligo,all_donors,COL6A3,6,-0.36045,-0.16,0.9613856868073354,False,True
Oligo,all_donors,OTOS,2,-0.19434,2.6978,0.2827531534513879,False,False
Oligo,all_donors,GPC1,6,-0.03272,-0.29095,0.8987831620341941,False,True
Oligo,all_donors,SNED1,12,-0.32969,0.16781,0.9362656278786242,False,False
Oligo,all_donors,CHL1,31,-0.18786,-0.68283,0.7193506446664414,False,True
Oligo,all_donors,CNTN4,69,-0.3314,-0.81899,0.7207473455400751,False,True
Oligo,all_donors,IL17RE,2,-0.29681,0.8782,0.8399751170069176,False,False
Oligo,all_donors,GHRL,4,-0.45569,0.86079,0.7741743708218681,False,False
Oligo,all_donors,TIMP4,1,-0.35657,0.58537,0.9261419329306132,False,False
Oligo,all_donors,FBLN2,6,-0.37393,-0.21854,0.9403338631058912,False,True
Oligo,all_donors,WNT7A,1,-0.8726,-1.50367,0.8521105793340067,False,True
Oligo,all_donors,COLQ,7,-0.35025,-0.05262,0.9561820372991476,False,True
Oligo,all_donors,BTD,8,0.13766,0.31317,0.3481696143047132,False,True
Oligo,all_donors,TGFBR2,2,0.40837,0.92906,0.534859454275969,False,True
Oligo,all_donors,CRTAP,1,0.13164,0.22791,0.6863586492091437,False,True
Oligo,all_donors,PDCD6IP,1,-0.13178,-0.0525,0.9451829174838768,False,True
Oligo,all_donors,CCK,4,0.08437,0.87433,0.856118881906478,False,True
Oligo,all_donors,GASK1A,2,-0.06055,0.00272,0.9981518664611336,False,False
Oligo,all_donors,CDCP1,2,0.03015,0.44463,0.9403338631058912,False,True
Oligo,all_donors,CSPG5,1,-0.50622,-0.50455,0.8203801172587547,False,True
Oligo,all_donors,SPINK8,1,-0.13176,-0.35331,0.9215490599615264,False,True
Oligo,all_donors,PLXNB1,4,0.25401,0.10386,0.9397798460760928,False,True
Oligo,all_donors,COL7A1,3,-0.77372,0.05146,0.9842742596545272,False,False
Oligo,all_donors,LAMB2,1,-0.10202,1.17136,0.7342685757716966,False,False
Oligo,all_donors,DAG1,1,0.11138,0.1094,0.9361400131952704,False,True
Oligo,all_donors,MST1,1,-0.21024,0.16669,0.9541432133475098,False,False
Oligo,all_donors,SEMA3B,3,0.19921,0.19235,0.8914099029768936,False,True
Oligo,all_donors,HYAL1,2,-0.20986,0.34817,0.8955318046250319,False,False
Oligo,all_donors,MANF,1,0.11546,0.43888,0.8521105793340067,False,True
Oligo,all_donors,ITIH4,1,-0.10756,0.39143,0.8732726315385382,False,False
Oligo,all_donors,MUSTN1,2,0.3567,0.59459,0.8374718670723827,False,True
Oligo,all_donors,IL17RB,2,0.1386,0.20759,0.94838924523625,False,True
Oligo,all_donors,WNT5A,6,0.11382,-0.22932,0.959184659919514,False,False
Oligo,all_donors,ADAMTS9,2,-0.12517,-1.31719,0.7185017570142568,False,True
Oligo,all_donors,TAFA1,53,-0.06268,-0.91782,0.7377914043150055,False,True
Oligo,all_donors,TAFA4,1,0.09019,0.01177,0.9940736257998336,False,True
Oligo,all_donors,EPHA3,1,0.3358,2.27322,0.0319510730557978,True,True
Oligo,all_donors,PROS1,2,-0.02511,-0.15229,0.9411609003001236,False,True
Oligo,all_donors,COL8A1,1,-0.21966,0.5666,0.8689406844605668,False,False
Oligo,all_donors,ABI3BP,1,-0.15572,0.27128,0.9249694691256414,False,False
Oligo,all_donors,NXPE3,4,0.18702,-0.23693,0.1157756242343049,False,False
Oligo,all_donors,ZPLD1,26,-0.19836,0.54783,0.918565782352707,False,False
Oligo,all_donors,ALCAM,33,0.07444,0.01301,0.988782323958001,False,True
Oligo,all_donors,BTLA,1,0.0588,0.46069,0.8984763406717127,False,True
Oligo,all_donors,CCDC80,2,-0.29296,-0.06936,0.9839181717050084,False,True
Oligo,all_donors,CD200R1,2,-0.10915,-0.47588,0.9041750758073084,False,True
Oligo,all_donors,B4GALT4,3,0.18558,-0.11258,0.9356862512044576,False,False
Oligo,all_donors,FSTL1,1,-0.20355,0.12572,0.9713205864011406,False,False
Oligo,all_donors,MUC13,1,0.04408,-0.27723,0.9541185376344388,False,False
Oligo,all_donors,HEG1,1,0.08241,-0.17627,0.8901226295060011,False,False
Oligo,all_donors,COL6A6,1,-0.03385,0.40475,0.8177800702168395,False,False
Oligo,all_donors,TF,4,0.27731,-0.16659,0.7370127508515867,False,False
Oligo,all_donors,PCOLCE2,1,-0.07068,-0.45141,0.9072392631754675,False,True
Oligo,all_donors,DIPK2A,1,0.19277,0.05698,0.9677862490730728,False,True
Oligo,all_donors,CPB1,5,0.46355,0.93142,0.2827531534513879,False,True
Oligo,all_donors,CP,2,0.06545,0.78289,0.719747005056036,False,True
Oligo,all_donors,IGSF10,2,-0.2795,-0.4031,0.9356862512044576,False,True
Oligo,all_donors,C3orf33,1,-0.27113,-0.33824,0.4219610406612866,False,True
Oligo,all_donors,PTX3,1,-0.02075,-0.98062,0.8785923117420417,False,True
Oligo,all_donors,RARRES1,2,0.04349,0.69246,0.5818687403965118,False,True
Oligo,all_donors,IL12A,2,0.00605,0.38313,0.8987831620341941,False,True
Oligo,all_donors,BCHE,2,0.32034,-0.18163,0.9313394262978272,False,False
Oligo,all_donors,SERPINI1,1,0.1771,0.04866,0.9686993754024236,False,True
Oligo,all_donors,TNFSF10,1,0.15764,0.6064,0.9322264870162136,False,True
Oligo,all_donors,CHRD,3,-0.41569,-0.58924,0.8919036701623034,False,True
Oligo,all_donors,KNG1,1,-0.55121,0.51916,0.9334879646948904,False,False
Oligo,all_donors,ST6GAL1,29,-0.22602,-0.4375,0.8700051054278489,False,True
Oligo,all_donors,MASP1,2,0.25746,0.54074,0.8987831620341941,False,True
Oligo,all_donors,SST,1,0.05861,-1.24706,0.7611813871271617,False,False
Oligo,all_donors,IL1RAP,12,0.06957,-0.73432,0.761108670532819,False,False
Oligo,all_donors,UTS2B,7,-0.10247,0.06426,0.9908920210750788,False,False
Oligo,all_donors,APOD,3,0.29318,0.59072,0.785561974245967,False,True
Oligo,all_donors,MUC20,3,-0.49721,-0.2483,0.9249694691256414,False,True
Oligo,all_donors,TFRC,1,-0.02399,-0.03333,0.978957334242942,False,True
Oligo,all_donors,FBXO45,1,0.12993,-0.08232,0.958917615529371,False,False
Oligo,all_donors,SPON2,11,-0.04513,-0.65521,0.8440402632986834,False,True
Oligo,all_donors,FGFR3,2,-0.33149,-0.70909,0.8373226038847789,False,True
Oligo,all_donors,C4orf48,1,0.09213,0.35222,0.9072392631754675,False,True
Oligo,all_donors,CYTL1,2,-0.38148,1.78299,0.7250151407338771,False,False
Oligo,all_donors,MAN2B2,1,-0.00077,0.33322,0.8299872207753898,False,False
Oligo,all_donors,C1QTNF7,20,-0.28877,-0.27192,0.9122838122387976,False,True
Oligo,all_donors,SLIT2,2,0.31354,0.50467,0.8235848056281357,False,True
Oligo,all_donors,SOD3,1,0.20375,-0.0518,0.9889398991482996,False,False
Oligo,all_donors,LGI2,2,-0.20995,0.29092,0.9446707905067074,False,False
Oligo,all_donors,SMIM20,1,-0.06028,0.29016,0.8520101042502813,False,False
Oligo,all_donors,CORIN,10,-0.1594,0.21841,0.9143914736799617,False,False
Oligo,all_donors,KDR,2,0.04093,0.67927,0.7342685757716966,False,True
Oligo,all_donors,NMU,1,-0.12968,0.04028,0.994635484492071,False,False
Oligo,all_donors,IGFBP7,1,0.16668,1.15818,0.6159554047458032,False,True
Oligo,all_donors,TMPRSS11D,1,0.54224,0.38616,0.8536347956186694,False,True
Oligo,all_donors,ADAMTS3,1,-0.19818,-1.9826,0.5924331297460975,False,True
Oligo,all_donors,ALB,1,0.49978,0.29875,0.9424115557258144,False,True
Oligo,all_donors,BTC,1,-0.29525,-0.21137,0.9649255355319668,False,True
Oligo,all_donors,ANTXR2,1,0.58362,0.87825,0.8113600986387282,False,True
Oligo,all_donors,FGF5,1,-0.08718,-0.88984,0.8887979979582972,False,True
Oligo,all_donors,HPSE,2,-0.42533,1.12586,0.7878536332391539,False,False
Oligo,all_donors,SPARCL1,3,0.15738,-0.29681,0.9322264870162136,False,False
Oligo,all_donors,MEPE,1,0.18939,0.189,0.9662367058395016,False,True
Oligo,all_donors,SPP1,4,0.25974,0.85139,0.5825849206554093,False,True
Oligo,all_donors,PKD2,8,0.0886,-0.09377,0.9100978233927064,False,False
Oligo,all_donors,SNCA,1,0.47341,0.23733,0.8373226038847789,False,True
Oligo,all_donors,NPNT,1,-0.21405,0.4996,0.9143914736799617,False,False
Oligo,all_donors,AIMP1,1,-0.01874,0.16653,0.8589474203292007,False,False
Oligo,all_donors,DKK2,21,-0.0852,-1.31166,0.4268761611960195,False,True
Oligo,all_donors,COL25A1,30,-0.19889,-0.32163,0.9251119923873714,False,True
Oligo,all_donors,PLA2G12A,1,-0.03962,0.19724,0.7911487942643533,False,False
Oligo,all_donors,ARSJ,1,-0.08507,0.48043,0.9362656278786242,False,False
Oligo,all_donors,PRSS12,1,-0.06247,-0.29789,0.94838924523625,False,True
Oligo,all_donors,NDNF,2,-0.22362,-0.94088,0.8521105793340067,False,True
Oligo,all_donors,FGF2,1,0.03627,-0.25672,0.9064687967526672,False,False
Oligo,all_donors,ABHD18,1,-0.27334,-0.05358,0.946659144870812,False,True
Oligo,all_donors,PGRMC2,2,0.26457,0.06272,0.9412564028434014,False,True
Oligo,all_donors,IL15,9,-0.23204,0.34322,0.9447431932907222,False,False
Oligo,all_donors,FREM3,1,-0.24624,-0.10886,0.9686993754024236,False,True
Oligo,all_donors,HHIP,2,0.20454,-0.06336,0.94838924523625,False,False
Oligo,all_donors,PRSS48,1,0.02549,0.38203,0.8323196819131713,False,True
Oligo,all_donors,SFRP2,3,-0.082,-0.04596,0.9933002868961396,False,True
Oligo,all_donors,PDGFC,2,-0.16117,-0.12418,0.9696213662483532,False,True
Oligo,all_donors,FSTL5,1,0.20767,0.0585,0.9875389755054692,False,True
Oligo,all_donors,CPE,1,0.09721,-0.51242,0.8808190325842226,False,False
Oligo,all_donors,TLL1,1,-0.07102,-0.5645,0.9143914736799617,False,True
Oligo,all_donors,SPOCK3,24,0.16715,0.03946,0.9662367058395016,False,True
Oligo,all_donors,HMGB2,1,0.13389,0.14098,0.9449368837978236,False,True
Oligo,all_donors,SCRG1,1,-0.03907,0.07315,0.9822624620049124,False,False
Oligo,all_donors,VEGFC,1,0.16797,-0.0955,0.9839181717050084,False,False
Oligo,all_donors,SNX25,3,0.06786,-0.00822,0.9954756779110407,False,False
Oligo,all_donors,KLKB1,1,-0.51691,0.08943,0.972843177579267,False,False
Oligo,all_donors,EXOC3-AS1,2,-0.0207,0.48485,0.8292725897045264,False,False
Oligo,all_donors,ADAMTS16,2,-0.10601,-0.68147,0.7185017570142568,False,True
Oligo,all_donors,NSUN2,1,0.08547,-0.25045,0.8672800387484098,False,False
Oligo,all_donors,PDZD2,1,0.09301,0.0108,0.9965428672327156,False,True
Oligo,all_donors,ADAMTS12,2,-0.13884,-0.63277,0.8874057905584055,False,True
Oligo,all_donors,C1QTNF3,2,0.08864,-0.10596,0.9300734420657918,False,False
Oligo,all_donors,PRLR,28,-0.25336,0.27723,0.9613856868073354,False,False
Oligo,all_donors,IL7R,2,0.04356,0.97905,0.8520101042502813,False,True
Oligo,all_donors,GDNF,4,0.35119,1.08301,0.7027960055700517,False,True
Oligo,all_donors,EGFLAM,25,-0.13551,-0.69521,0.904856429955448,False,True
Oligo,all_donors,LIFR,11,0.16328,-0.13369,0.8962917065291774,False,False
Oligo,all_donors,C6,2,0.19325,-0.45663,0.9356862512044576,False,False
Oligo,all_donors,GHR,16,0.01404,0.01903,0.9953285793918912,False,True
Oligo,all_donors,SELENOP,5,0.10967,0.38374,0.8235848056281357,False,True
Oligo,all_donors,CCL28,3,0.20214,0.13823,0.972937844182088,False,True
Oligo,all_donors,FGF10,1,0.08897,-0.11903,0.9864450869846328,False,False
Oligo,all_donors,FST,4,-0.03966,0.36928,0.9568704017644444,False,False
Oligo,all_donors,IL6ST,5,0.17731,-0.15217,0.8318282793967262,False,False
Oligo,all_donors,ADAMTS6,2,0.17497,-0.17484,0.9523929174373276,False,False
Oligo,all_donors,CARTPT,1,0.05589,-0.01591,0.9981025680649824,False,False
Oligo,all_donors,CRHBP,2,-0.08337,-0.15183,0.9269195279242748,False,True
Oligo,all_donors,AGGF1,1,-0.1005,-0.09129,0.9126582131163298,False,True
Oligo,all_donors,ZBED3,1,-0.29621,0.02213,0.9883147688645856,False,False
Oligo,all_donors,THBS4,2,0.35485,0.48061,0.8112688235892785,False,True
Oligo,all_donors,VCAN,2,-0.14436,-0.28175,0.9269195279242748,False,True
Oligo,all_donors,HAPLN1,5,-0.12719,-0.9848,0.7611813871271617,False,True
Oligo,all_donors,EDIL3,2,0.14261,0.09878,0.8962917065291774,False,True
Oligo,all_donors,ARSK,1,0.1572,0.13735,0.9196879153480506,False,True
Oligo,all_donors,PCSK1,2,-0.33906,-0.02232,0.994519996570179,False,True
Oligo,all_donors,ERAP1,2,0.14671,0.12056,0.9144538503679231,False,True
Oligo,all_donors,ERAP2,3,-0.05404,0.40987,0.8424918566042563,False,False
Oligo,all_donors,LNPEP,2,0.16574,0.05095,0.948695531210928,False,True
Oligo,all_donors,ST8SIA4,2,-0.18494,-0.70662,0.868309399503223,False,True
Oligo,all_donors,PAM,2,-0.14582,-0.45867,0.8562698123775497,False,True
Oligo,all_donors,LOX,1,-0.14057,0.22275,0.9636423730878028,False,False
Oligo,all_donors,FBN2,11,-0.04546,0.02471,0.9953285793918912,False,False
Oligo,all_donors,ADAMTS19,2,0.01003,0.09156,0.9708917021707992,False,True
Oligo,all_donors,GDF9,1,0.10129,-0.42463,0.9144768500244486,False,False
Oligo,all_donors,LEAP2,1,-0.40892,-0.41587,0.8797129628545259,False,True
Oligo,all_donors,FSTL4,1,-0.0939,-1.53817,0.5167370389611816,False,True
Oligo,all_donors,CXCL14,1,-0.32288,-0.15115,0.958917615529371,False,True
Oligo,all_donors,SPOCK1,66,-0.02285,0.36568,0.7075268181635395,False,False
Oligo,all_donors,NRG2,33,0.04522,-0.22635,0.9122838122387976,False,False
Oligo,all_donors,HBEGF,1,0.10105,-0.29956,0.8520101042502813,False,False
Oligo,all_donors,CD14,2,-0.30819,1.2333,0.8235848056281357,False,False
Oligo,all_donors,PCDHA1,1,0.38139,0.19133,0.9503372884695012,False,True
Oligo,all_donors,PCDHA6,1,-0.20599,-0.74014,0.7424620512651465,False,True
Oligo,all_donors,PCDHA10,1,0.0502,0.23529,0.9190852001990818,False,True
Oligo,all_donors,PCDH12,2,-0.3062,0.93291,0.7551453158607428,False,False
Oligo,all_donors,NDFIP1,2,0.03091,-0.07791,0.929846037254488,False,False
Oligo,all_donors,FGF1,19,0.12875,0.08816,0.9190852001990818,False,True
Oligo,all_donors,SPINK9,2,0.15226,-0.16329,0.94838924523625,False,False
Oligo,all_donors,PCYOX1L,2,-0.00595,-0.33245,0.8317184120008648,False,True
Oligo,all_donors,ARSI,13,-0.19718,-0.46331,0.661401628611754,False,True
Oligo,all_donors,CD74,3,-0.19868,2.21335,0.0091720907865382,True,False
Oligo,all_donors,GPX3,2,-0.17583,1.36558,0.7540430835029771,False,False
Oligo,all_donors,SPARC,2,-0.26749,0.11699,0.9567797814785513,False,False
Oligo,all_donors,TIMD4,5,0.05651,-0.18495,0.9711291488561894,False,False
Oligo,all_donors,C1QTNF2,1,-0.11032,-0.11133,0.9764288906512568,False,True
Oligo,all_donors,SLIT3,92,-0.16599,-1.12141,0.6781631852333454,False,True
Oligo,all_donors,STC2,3,-0.30871,-0.96681,0.8359301273775573,False,True
Oligo,all_donors,ADAMTS2,1,0.22898,0.92374,0.7412296313524072,False,True
Oligo,all_donors,SERPINB1,1,-0.06589,0.39377,0.8585280029709116,False,False
Oligo,all_donors,F13A1,1,-0.07655,-0.1271,0.9811966632758145,False,True
Oligo,all_donors,LY86,2,-0.31085,0.45888,0.8915657341359929,False,False
Oligo,all_donors,BMP6,2,0.03761,-0.78909,0.8960978387775081,False,False
Oligo,all_donors,EDN1,3,0.09477,-0.17394,0.97129254457547,False,False
Oligo,all_donors,GFOD1,24,-0.05497,-0.40939,0.7315160193735133,False,True
Oligo,all_donors,KIAA0319,18,-0.42209,-0.72287,0.8215060257701924,False,True
Oligo,all_donors,SCGN,1,-0.4006,1.49898,0.7790206329219386,False,False
Oligo,all_donors,GABBR1,2,-0.00031,-0.15668,0.9304495291465904,False,True
Oligo,all_donors,HLA-E,2,-0.13949,1.27726,0.4219610406612866,False,False
Oligo,all_donors,DDR1,4,0.10949,0.37787,0.6620519136588617,False,True
Oligo,all_donors,SFTA2,5,-0.31836,1.62226,0.6924448493470519,False,False
Oligo,all_donors,HCG22,1,-0.19193,-0.45476,0.9362656278786242,False,True
Oligo,all_donors,BAG6,1,0.22751,0.27113,0.7396954342025674,False,True
Oligo,all_donors,APOM,1,0.22751,0.80791,0.5961045554247352,False,True
Oligo,all_donors,LY6G5C,1,0.09944,0.21273,0.9600210772013308,False,True
Oligo,all_donors,HSPA1A,1,0.38407,1.81744,0.214251169042343,False,True
Oligo,all_donors,C2,8,0.19949,-0.04076,0.9789421706777952,False,False
Oligo,all_donors,CFB,1,-0.12276,1.45942,0.7206406104646917,False,False
Oligo,all_donors,TNXB,11,-0.23627,0.66259,0.7911487942643533,False,False
Oligo,all_donors,EGFL8,1,0.33129,0.74704,0.4215710856347178,False,True
Oligo,all_donors,COL11A2,3,-0.12078,-0.3759,0.8964770133879699,False,True
Oligo,all_donors,CUTA,2,0.09666,0.39733,0.9072392631754675,False,True
Oligo,all_donors,SCUBE3,1,-0.01515,0.09199,0.9613856868073354,False,False
Oligo,all_donors,PI16,5,0.22566,0.42954,0.8340422390198058,False,True
Oligo,all_donors,TREM2,3,-0.60021,2.362,0.2738960179800956,False,False
Oligo,all_donors,PTK7,1,-0.29785,-0.32027,0.9356819299723736,False,True
Oligo,all_donors,VEGFA,1,-0.09499,-0.6663,0.8777186102933955,False,True
Oligo,all_donors,HSP90AB1,1,0.15108,0.06728,0.9723983047580184,False,True
Oligo,all_donors,ENPP5,2,-0.18171,-0.15162,0.9349789736307202,False,True
Oligo,all_donors,PLA2G7,2,0.08178,0.40547,0.9412564028434014,False,True
Oligo,all_donors,COL21A1,15,-0.33594,-0.40071,0.8996036503592874,False,True
Oligo,all_donors,EYS,16,0.0994,0.46424,0.7185017570142568,False,True
Oligo,all_donors,COL19A1,3,-0.25963,-0.91582,0.7773338024330817,False,True
Oligo,all_donors,COL9A1,5,-0.13458,-0.83772,0.7586235343224637,False,True
Oligo,all_donors,COL12A1,5,-0.13604,0.4639,0.9356862512044576,False,False
Oligo,all_donors,PRSS35,1,0.0334,-2.83842,0.5185210675625821,False,False
Oligo,all_donors,CD164,2,0.17299,0.00053,0.9995807291531514,False,True
Oligo,all_donors,METTL24,1,-0.38448,-0.13417,0.9367140869835614,False,True
Oligo,all_donors,LAMA4,2,-0.38232,-0.07899,0.9774240992777716,False,True
Oligo,all_donors,SMPDL3A,1,0.46783,0.1436,0.9356862512044576,False,True
Oligo,all_donors,RSPO3,1,0.07285,-0.07637,0.98617277076202,False,False
Oligo,all_donors,LAMA2,1,0.17044,-0.15513,0.9501748666004256,False,False
Oligo,all_donors,ENPP3,2,0.21749,0.51149,0.868309399503223,False,True
Oligo,all_donors,ENPP1,1,0.21166,0.66201,0.7450339347825194,False,True
Oligo,all_donors,CCN2,1,0.28599,0.95671,0.8112688235892785,False,True
Oligo,all_donors,FUCA2,1,0.10853,-0.06161,0.9734492838942614,False,False
Oligo,all_donors,RAET1E,3,-0.25359,-0.12578,0.9812632347826082,False,True
Oligo,all_donors,VIP,2,0.17344,-1.43033,0.4972386821633705,False,False
Oligo,all_donors,FNDC1,1,-0.26296,-1.84421,0.6025477071109361,False,True
Oligo,all_donors,RNASET2,1,-0.27683,0.8689,0.4561455732722384,False,False
Oligo,all_donors,SMOC2,35,-0.47717,-0.57811,0.9198465813364282,False,True
Oligo,all_donors,THBS2,2,0.24506,0.37226,0.7246899470458824,False,True
Oligo,all_donors,C6orf120,2,-0.23966,-0.06496,0.9671700978359844,False,True
Oligo,all_donors,FAM20C,1,0.08475,0.05737,0.9595939366998136,False,True
Oligo,all_donors,PDGFA,2,0.22125,-0.09485,0.9362656278786242,False,False
Oligo,all_donors,RBAKDN,1,-0.56485,0.15101,0.9826665862415238,False,False
Oligo,all_donors,NXPH1,48,-0.08118,-0.43002,0.8964770133879699,False,True
Oligo,all_donors,THSD7A,1,0.12245,-0.74247,0.8337280894789809,False,False
Oligo,all_donors,VWDE,1,0.06693,-1.61737,0.8029736509660516,False,False
Oligo,all_donors,SOSTDC1,14,0.02707,0.74037,0.8781028357584484,False,True
Oligo,all_donors,CCDC126,1,0.15731,0.01405,0.9927046227496964,False,True
Oligo,all_donors,NPY,3,0.12165,-0.83969,0.8732726315385382,False,False
Oligo,all_donors,HNRNPA2B1,1,0.18224,0.11078,0.8874057905584055,False,True
Oligo,all_donors,CRHR2,4,-0.18442,-1.19561,0.8374718670723827,False,True
Oligo,all_donors,BMPER,1,-0.23815,0.28572,0.9064687967526672,False,False
Oligo,all_donors,AOAH,2,-0.46346,-0.08794,0.94838924523625,False,True
Oligo,all_donors,EPDR1,27,-0.27529,-0.10014,0.9362656278786242,False,True
Oligo,all_donors,SFRP4,1,0.05316,-0.62985,0.8040633940796209,False,False
Oligo,all_donors,INHBA,3,0.16174,0.06905,0.9924667498497394,False,True
Oligo,all_donors,AEBP1,6,-0.2948,1.55388,0.7334443395744626,False,False
Oligo,all_donors,PPIA,1,0.14822,-0.04231,0.9874679030563585,False,False
Oligo,all_donors,IGFBP3,3,0.05553,0.92839,0.8315122765557416,False,True
Oligo,all_donors,VWC2,1,-0.00658,-0.28385,0.9362656278786242,False,True
Oligo,all_donors,ZPBP,1,-0.54943,0.18025,0.9613856868073354,False,False
Oligo,all_donors,VSTM2A,2,-0.23731,-0.57718,0.9010058354382622,False,True
Oligo,all_donors,EGFR,44,-0.25055,-0.5836,0.8099155341539798,False,True
Oligo,all_donors,STX1A,4,-0.11566,-0.0019,0.9995132519445606,False,True
Oligo,all_donors,ELN,1,0.1522,0.39435,0.8249299346007481,False,True
Oligo,all_donors,SSC4D,2,-0.32288,-0.44861,0.9190852001990818,False,True
Oligo,all_donors,ZP3,10,-0.23332,-0.16671,0.9541602156384515,False,True
Oligo,all_donors,FGL2,2,-0.08042,0.303,0.921308890921271,False,False
Oligo,all_donors,SEMA3C,2,0.12751,0.00072,0.999557244956837,False,True
Oligo,all_donors,HGF,1,0.07567,0.13617,0.9727834082151092,False,True
Oligo,all_donors,SEMA3E,1,0.14476,0.38505,0.9073856381732022,False,True
Oligo,all_donors,SEMA3A,2,0.35627,-0.06128,0.9864450869846328,False,False
Oligo,all_donors,SEMA3D,7,-0.03713,0.08667,0.9835390799445184,False,False
Oligo,all_donors,COL1A2,1,-0.62561,0.08917,0.986577093512942,False,False
Oligo,all_donors,PON1,1,-0.11339,0.39142,0.9356862512044576,False,False
Oligo,all_donors,PON3,1,-0.32261,0.4999,0.9362656278786242,False,False
Oligo,all_donors,PON2,1,0.12906,0.20841,0.7540430835029771,False,True
Oligo,all_donors,TAC1,2,-0.42986,-0.53774,0.9083777059005664,False,True
Oligo,all_donors,NPTX2,1,0.57129,0.77376,0.8373226038847789,False,True
Oligo,all_donors,AZGP1,1,0.87078,2.6124,0.1157756242343049,False,True
Oligo,all_donors,CNPY4,1,0.11866,0.00708,0.9981025680649824,False,True
Oligo,all_donors,GPC2,2,-0.03665,-0.04764,0.988115067122558,False,True
Oligo,all_donors,PILRA,2,0.01206,0.28702,0.8477060992065596,False,True
Oligo,all_donors,ACHE,1,-0.02321,0.55002,0.9362656278786242,False,False
Oligo,all_donors,SERPINE1,1,-0.01683,1.04324,0.8732726315385382,False,False
Oligo,all_donors,VGF,3,-0.1079,0.31768,0.9408722850433924,False,False
Oligo,all_donors,PLOD3,1,0.19371,0.46189,0.7396954342025674,False,True
Oligo,all_donors,COL26A1,1,-0.21561,-1.14684,0.5020313314773658,False,True
Oligo,all_donors,LRRC17,2,-0.12695,-0.0019,0.9987715464506184,False,True
Oligo,all_donors,RELN,1,-0.04248,0.72765,0.7773338024330817,False,False
Oligo,all_donors,NAMPT,1,0.20353,0.03881,0.965143459411294,False,True
Oligo,all_donors,LAMB1,1,-0.18424,-0.17546,0.9392235698495188,False,True
Oligo,all_donors,NRCAM,51,-0.2741,-0.49928,0.8486317870924784,False,True
Oligo,all_donors,MDFIC,1,-0.63843,0.16711,0.9692675178607644,False,False
Oligo,all_donors,MET,9,0.31908,0.42757,0.8968865972867047,False,True
Oligo,all_donors,WNT2,1,-0.24039,-0.69639,0.912201952992642,False,True
Oligo,all_donors,FAM3C,2,0.12332,0.00371,0.9974828289232344,False,True
Oligo,all_donors,PTPRZ1,1,-0.17197,-0.69444,0.7878536332391539,False,True
Oligo,all_donors,HILPDA,2,0.05466,0.14127,0.9591591875686124,False,True
Oligo,all_donors,CALU,1,0.07476,-0.06558,0.9362656278786242,False,False
Oligo,all_donors,KCP,2,-0.34411,0.88131,0.8328025567674077,False,False
Oligo,all_donors,CPA4,1,0.25693,-0.28434,0.948503194370673,False,False
Oligo,all_donors,PTN,1,-0.15878,-0.30971,0.8299872207753898,False,True
Oligo,all_donors,EPHB6,1,-0.04395,-0.14612,0.9692675178607644,False,True
Oligo,all_donors,LLCFC1,1,-0.03557,-0.91074,0.8506813841715811,False,True
Oligo,all_donors,PIP,1,0.00267,0.1034,0.9692675178607644,False,True
Oligo,all_donors,RARRES2,1,-0.15871,1.97772,0.2644775683241188,False,False
Oligo,all_donors,ANGPT2,1,-0.32414,0.22682,0.9224788355642152,False,False
Oligo,all_donors,PRSS51,5,-0.40902,-0.01825,0.99677649268899,False,True
Oligo,all_donors,CTSB,1,0.08799,-0.00052,0.9997551818867684,False,False
Oligo,all_donors,FGF20,1,-0.29927,-0.02044,0.9974828289232344,False,True
Oligo,all_donors,PDGFRL,2,-0.01203,-0.04056,0.9825065042755626,False,True
Oligo,all_donors,ASAH1,2,0.04451,0.14288,0.8732726315385382,False,True
Oligo,all_donors,LPL,1,0.07737,0.41888,0.9144768500244486,False,True
Oligo,all_donors,LGI3,2,0.33458,0.25161,0.7342685757716966,False,True
Oligo,all_donors,SFTPC,1,0.03474,0.49162,0.744156241219927,False,True
Oligo,all_donors,BMP1,1,0.29758,0.45141,0.6943888902889872,False,True
Oligo,all_donors,PEBP4,1,0.46348,0.30524,0.9419025361159892,False,True
Oligo,all_donors,LOXL2,1,0.15829,0.08563,0.9662367058395016,False,True
Oligo,all_donors,ADAM28,2,-0.35284,0.11322,0.9723983047580184,False,False
Oligo,all_donors,CLU,2,0.21559,0.13548,0.9662367058395016,False,True
Oligo,all_donors,NRG1,89,-0.18428,-1.69174,0.136736750057055,False,True
Oligo,all_donors,ADAM9,1,0.20891,-0.14751,0.9017630974162028,False,False
Oligo,all_donors,SFRP1,1,0.11653,1.4675,0.2506515781547042,False,True
Oligo,all_donors,PLAT,3,0.0115,-0.21536,0.94838924523625,False,False
Oligo,all_donors,PXDNL,2,-0.00042,0.12356,0.92831292574366,False,False
Oligo,all_donors,PENK,3,-0.72492,-0.1025,0.988782323958001,False,True
Oligo,all_donors,SDCBP,2,0.09597,-0.00985,0.996538244331998,False,False
Oligo,all_donors,GGH,1,-0.01523,0.90989,0.6631082386208842,False,False
Oligo,all_donors,CRH,2,-0.60277,-0.43318,0.9408615709391068,False,True
Oligo,all_donors,CPA6,3,0.34107,-1.03888,0.7333623234754549,False,False
Oligo,all_donors,SULF1,6,-0.27768,-0.40636,0.929846037254488,False,True
Oligo,all_donors,SBSPON,1,-0.24355,-0.22308,0.9541185376344388,False,True
Oligo,all_donors,LY96,1,-0.04427,0.70253,0.8235848056281357,False,False
Oligo,all_donors,PI15,1,0.06704,-1.17169,0.2827531534513879,False,False
Oligo,all_donors,CRISPLD1,2,-0.30756,-0.27817,0.946659144870812,False,True
Oligo,all_donors,IL7,2,-0.18368,0.33866,0.7911487942643533,False,False
Oligo,all_donors,FABP5,1,0.01142,0.57741,0.7396954342025674,False,True
Oligo,all_donors,MMP16,1,0.08663,-0.75538,0.8083758689116073,False,False
Oligo,all_donors,CPQ,1,0.35894,0.31327,0.7080682598806577,False,True
Oligo,all_donors,MATN2,6,0.27487,0.29952,0.7948067302013576,False,True
Oligo,all_donors,CTHRC1,2,-0.2109,0.03938,0.9927433659115152,False,False
Oligo,all_donors,RSPO2,2,-0.12655,0.24419,0.9300216095972762,False,False
Oligo,all_donors,TNFRSF11B,1,-0.04553,0.7387,0.9068834936195328,False,False
Oligo,all_donors,CCN3,1,-0.17973,0.17151,0.9692675178607644,False,False
Oligo,all_donors,ENPP2,21,0.00839,-0.12728,0.8796104953184828,False,False
Oligo,all_donors,COL14A1,14,-0.1647,0.09421,0.9613856868073354,False,False
Oligo,all_donors,TG,31,-0.06935,-1.31993,0.7540430835029771,False,True
Oligo,all_donors,ST3GAL1,1,0.25615,0.61276,0.8270133841478564,False,True
Oligo,all_donors,COL22A1,8,0.21301,-0.79372,0.8328025567674077,False,False
Oligo,all_donors,ADGRB1,9,0.17961,-0.74748,0.8299872207753898,False,False
Oligo,all_donors,THEM6,1,0.05201,0.24517,0.9188908946981608,False,True
Oligo,all_donors,GSDMD,2,-0.50943,0.01066,0.9981518664611336,False,False
Oligo,all_donors,INSL6,1,-0.21994,0.54197,0.8915657341359929,False,False
Oligo,all_donors,RLN1,1,-0.16622,-0.56362,0.9144768500244486,False,True
Oligo,all_donors,CD274,2,0.15835,0.93266,0.8670400464202321,False,True
Oligo,all_donors,PDCD1LG2,4,-0.41502,0.39176,0.8750268551951406,False,False
Oligo,all_donors,IL33,9,0.42028,-0.0173,0.9979809377905966,False,False
Oligo,all_donors,FREM1,16,-0.35434,-0.61313,0.8288659904982408,False,True
Oligo,all_donors,ADAMTSL1,46,-0.08976,-0.75347,0.8521105793340067,False,True
Oligo,all_donors,IFNA2,1,0.13412,-0.61669,0.8521105793340067,False,False
Oligo,all_donors,TEK,1,-0.42066,-0.10028,0.959184659919514,False,True
Oligo,all_donors,C9orf72,1,0.13835,-0.10261,0.9061412903479362,False,False
Oligo,all_donors,B4GALT1,1,0.10116,-0.36867,0.8970816616774369,False,False
Oligo,all_donors,PRSS3,12,-0.75465,0.51537,0.8987831620341941,False,False
Oligo,all_donors,ENHO,1,0.12176,-0.26153,0.9508206637708227,False,False
Oligo,all_donors,IL11RA,2,0.15437,0.10249,0.9644899655636816,False,True
Oligo,all_donors,IGFBPL1,1,-0.29258,-1.15295,0.7911487942643533,False,True
Oligo,all_donors,MAMDC2,1,0.02349,0.30512,0.9085613796149006,False,True
Oligo,all_donors,ANXA1,5,-0.18758,1.922,0.3040589962849651,False,False
Oligo,all_donors,PCSK5,1,0.23788,-0.26868,0.9073856381732022,False,False
Oligo,all_donors,CTSL,1,0.16027,0.57002,0.7675377774025783,False,True
Oligo,all_donors,OGN,1,0.19227,0.90069,0.7347022146412764,False,True
Oligo,all_donors,ASPN,2,-0.61113,0.89982,0.6873898512779977,False,False
Oligo,all_donors,ECM2,4,-0.02255,1.28848,0.0874716061536529,True,False
Oligo,all_donors,NINJ1,3,0.22986,0.56965,0.7878536332391539,False,True
Oligo,all_donors,COL15A1,1,-0.02602,-0.59457,0.9174746229758064,False,True
Oligo,all_donors,TXN,1,0.05719,0.34065,0.8850246024779264,False,True
Oligo,all_donors,SVEP1,1,-0.11856,-0.48783,0.7911487942643533,False,True
Oligo,all_donors,COL27A1,2,-0.01338,0.85814,0.8299872207753898,False,False
Oligo,all_donors,TNC,6,0.03397,0.47492,0.9136197279845528,False,True
Oligo,all_donors,PAPPA,2,-0.09074,0.05163,0.9875389755054692,False,False
Oligo,all_donors,GSN,31,0.18626,0.00375,0.9974828289232344,False,True
Oligo,all_donors,CRB2,5,0.34795,0.34725,0.8288659904982408,False,True
Oligo,all_donors,OLFML2A,9,-0.40277,-0.78396,0.8892277890589085,False,True
Oligo,all_donors,ANGPTL2,1,0.2624,-0.31725,0.6578926374933444,False,False
Oligo,all_donors,TOR2A,1,-0.03248,-0.0119,0.9974828289232344,False,True
Oligo,all_donors,HMCN2,9,-0.52948,-0.64078,0.9136197279845528,False,True
Oligo,all_donors,LAMC3,1,-0.22771,0.16766,0.9524256009468204,False,False
Oligo,all_donors,CEL,3,-0.50915,0.23739,0.9419025361159892,False,False
Oligo,all_donors,ADAMTS13,5,-0.33432,-0.10332,0.9434593301423742,False,True
Oligo,all_donors,ADAMTSL2,2,-0.17971,-0.22036,0.9356862512044576,False,True
Oligo,all_donors,COL5A1,1,-0.29822,0.52657,0.9190852001990818,False,False
Oligo,all_donors,OLFM1,4,-0.26969,-0.09139,0.9811966632758145,False,True
Oligo,all_donors,LCN1,1,-0.26013,0.28332,0.9568704017644444,False,False
Oligo,all_donors,QSOX2,2,-0.1013,-0.08188,0.9530487718993484,False,True
Oligo,all_donors,EGFL7,2,-0.38551,-0.24977,0.94838924523625,False,True
Oligo,all_donors,LCN15,1,-0.33155,-0.13962,0.9842742596545272,False,True
Oligo,all_donors,LCN12,2,0.03295,-1.40308,0.8180470197942816,False,False
Oligo,all_donors,PTGDS,2,0.13619,0.44629,0.8521105793340067,False,True
Oligo,all_donors,DPP7,2,0.07382,0.48246,0.7874808437985996,False,True
Oligo,all_donors,ITIH5,9,-0.14058,0.70658,0.8521105793340067,False,False
Oligo,all_donors,CCDC3,19,0.10738,0.19911,0.8270133841478564,False,True
Oligo,all_donors,CDNF,2,0.16697,0.12098,0.9532441275597208,False,True
Oligo,all_donors,C1QL3,1,-0.24001,-0.03875,0.9932310345898904,False,True
Oligo,all_donors,NRP1,1,0.31259,-0.90582,0.8369448937253039,False,False
Oligo,all_donors,CXCL12,2,0.46961,0.76347,0.8651369052175615,False,True
Oligo,all_donors,GDF10,2,-0.01324,-0.86093,0.9144768500244486,False,True
Oligo,all_donors,RBP3,2,0.11533,-0.44407,0.9447431932907222,False,False
Oligo,all_donors,VSTM4,2,-0.06799,-0.77041,0.041442030964904,True,True
Oligo,all_donors,ASAH2,2,-0.04085,0.18788,0.9629722115818914,False,False
Oligo,all_donors,PCDH15,3,0.01886,-0.91858,0.7682093421219203,False,False
Oligo,all_donors,SRGN,3,-0.35145,1.46798,0.6448944996912367,False,False
Oligo,all_donors,NODAL,1,-0.29929,1.0231,0.8167132815029877,False,False
Oligo,all_donors,ADAMTS14,3,0.57979,0.63886,0.5185210675625821,False,True
Oligo,all_donors,PSAP,2,0.27812,0.21739,0.868399131390071,False,True
Oligo,all_donors,SPOCK2,2,-0.19481,0.05015,0.988115067122558,False,False
Oligo,all_donors,SFTPD,1,-0.03113,0.61225,0.91746253854222,False,False
Oligo,all_donors,PLAC9,3,-0.32422,0.44773,0.9128363030949688,False,False
Oligo,all_donors,PRXL2A,6,-0.05555,-0.03134,0.9911365560354184,False,True
Oligo,all_donors,NRG3,169,-0.24113,-1.1824,0.7011467680607044,False,True
Oligo,all_donors,MMRN2,2,-0.2747,0.41716,0.9362656278786242,False,False
Oligo,all_donors,MINPP1,2,-0.10888,-0.04375,0.9851630673907772,False,True
Oligo,all_donors,PTEN,1,0.16946,-0.0812,0.9242761489668088,False,False
Oligo,all_donors,RNLS,1,-0.10658,0.10643,0.9392235698495188,False,False
Oligo,all_donors,FAS,1,-0.2355,-0.1823,0.9697173347977018,False,True
Oligo,all_donors,FGFBP3,1,0.06163,0.98842,0.6924448493470519,False,True
Oligo,all_donors,IDE,10,-0.13131,-0.12666,0.8310826238674544,False,True
Oligo,all_donors,RBP4,2,-0.28698,0.21347,0.9613856868073354,False,False
Oligo,all_donors,LGI1,2,-0.10901,-0.62865,0.8652130844533175,False,True
Oligo,all_donors,TLL2,1,0.11743,-0.33024,0.8270133841478564,False,False
Oligo,all_donors,SLIT1,2,-0.36933,-0.52964,0.8684169387123155,False,True
Oligo,all_donors,CRTAC1,3,0.04785,-0.18376,0.9392235698495188,False,False
Oligo,all_donors,LOXL4,2,0.08097,0.34681,0.9356862512044576,False,True
Oligo,all_donors,HPSE2,35,-0.06059,-0.16992,0.9591591875686124,False,True
Oligo,all_donors,WNT8B,1,-0.10558,-0.35134,0.94838924523625,False,True
Oligo,all_donors,CASP7,7,0.19691,-0.15786,0.9440255406488564,False,False
Oligo,all_donors,FGFR2,18,0.14675,-0.174,0.6747603372294646,False,False
Oligo,all_donors,HTRA1,3,0.0294,0.08685,0.948977074152765,False,True
Oligo,all_donors,DMBT1,1,-0.48952,-0.22192,0.9356862512044576,False,True
Oligo,all_donors,FAM24B,1,-0.17324,-0.29503,0.8641563323234774,False,True
Oligo,all_donors,CPXM2,2,0.09474,-0.4215,0.8633478394091193,False,False
Oligo,all_donors,MMP21,2,-0.00021,0.57171,0.7611813871271617,False,False
Oligo,all_donors,ADAM12,2,0.20481,-0.10696,0.940160797550192,False,False
Oligo,all_donors,DEAF1,2,0.32884,0.1712,0.9136197279845528,False,True
Oligo,all_donors,GATD1,1,-0.03224,-0.07984,0.9613329588760752,False,True
Oligo,all_donors,CHID1,3,-0.16449,0.27494,0.8672800387484098,False,False
Oligo,all_donors,CTSD,1,0.0213,0.85521,0.3078184093525977,False,True
Oligo,all_donors,MMP26,3,-0.1281,-0.57077,0.9062883996738018,False,True
Oligo,all_donors,SMPD1,1,0.31003,0.21544,0.8987831620341941,False,True
Oligo,all_donors,HPX,2,-0.18984,-0.08396,0.989124155147332,False,True
Oligo,all_donors,OLFML1,3,0.22881,0.34384,0.9249694691256414,False,True
Oligo,all_donors,TUB,22,-0.0557,-0.19652,0.9578468939013371,False,True
Oligo,all_donors,SCUBE2,1,-0.34677,0.24088,0.8521105793340067,False,False
Oligo,all_donors,MTRNR2L8,1,-0.20816,-0.56275,0.921636175446116,False,True
Oligo,all_donors,DKK3,2,-0.41506,0.36803,0.8987831620341941,False,False
Oligo,all_donors,SPON1,1,0.02117,-1.31149,0.583668773051218,False,False
Oligo,all_donors,CALCB,6,-0.02089,-0.92618,0.8521105793340067,False,True
Oligo,all_donors,NUCB2,1,0.13733,-0.16596,0.8756600525294806,False,False
Oligo,all_donors,NELL1,2,-0.43075,-0.92393,0.7342685757716966,False,True
Oligo,all_donors,LUZP2,27,0.21012,0.22594,0.94838924523625,False,True
Oligo,all_donors,FIBIN,3,-0.00242,0.1397,0.9724047991648408,False,False
Oligo,all_donors,BDNF,15,-0.11449,0.0229,0.994635484492071,False,False
Oligo,all_donors,CD59,5,-0.01879,0.36589,0.8521105793340067,False,False
Oligo,all_donors,CD44,13,0.21022,0.57706,0.8624439208053689,False,True
Oligo,all_donors,PAMR1,12,-0.21727,-0.05603,0.9864562139367992,False,True
Oligo,all_donors,FJX1,2,0.10709,0.22792,0.9585276098906348,False,True
Oligo,all_donors,EXT2,2,-0.02709,-0.0686,0.9403338631058912,False,True
Oligo,all_donors,MDK,1,-0.15664,1.21464,0.6180621799731767,False,False
Oligo,all_donors,F2,1,-0.39967,-0.20543,0.9666181920913856,False,True
Oligo,all_donors,C1QTNF4,3,-0.08927,-0.00747,0.9981518664611336,False,True
Oligo,all_donors,PTPRJ,1,-0.07841,-0.00321,0.9981025680649824,False,True
Oligo,all_donors,SERPING1,1,-0.24647,1.54395,0.534859454275969,False,False
Oligo,all_donors,MS4A13,1,0.10653,0.02418,0.9974828289232344,False,True
Oligo,all_donors,VWCE,6,-0.14463,0.65718,0.7889594486561623,False,False
Oligo,all_donors,FLRT1,2,-0.1573,0.01744,0.994635484492071,False,False
Oligo,all_donors,VEGFB,2,0.27888,0.62789,0.7062628082522836,False,True
Oligo,all_donors,LTBP3,4,0.25861,0.50598,0.1296956832804094,False,True
Oligo,all_donors,EFEMP2,1,0.01872,-0.09841,0.972937844182088,False,False
Oligo,all_donors,DEFB131B,1,0.08488,0.41302,0.8823697653192801,False,True
Oligo,all_donors,IL18BP,2,-0.02947,0.3676,0.9161431216758892,False,False
Oligo,all_donors,FOLR2,2,-0.31562,1.6844,0.7396954342025674,False,False
Oligo,all_donors,CHRDL2,1,-0.19881,-0.912,0.8792637895446245,False,True
Oligo,all_donors,WNT11,2,0.00296,-0.80781,0.8970816616774369,False,False
Oligo,all_donors,PRSS23,1,-0.65355,-0.11193,0.9662367058395016,False,True
Oligo,all_donors,ENDOD1,1,0.07025,0.19941,0.8153993825304034,False,True
Oligo,all_donors,ANGPTL5,1,0.07813,-0.27026,0.9541185376344388,False,False
Oligo,all_donors,PDGFD,1,0.11757,0.02443,0.996343398520674,False,True
Oligo,all_donors,CASP4,3,-0.07045,1.62352,0.7143373796489405,False,False
Oligo,all_donors,CRYAB,5,0.22035,0.33459,0.894035795882966,False,True
Oligo,all_donors,IL18,1,-0.16517,0.59902,0.8299872207753898,False,False
Oligo,all_donors,NCAM1,1,0.12053,0.11776,0.8521105793340067,False,True
Oligo,all_donors,APOA1,1,-0.22422,-0.27967,0.9623258486315684,False,True
Oligo,all_donors,TMEM25,1,-0.16739,0.13661,0.94838924523625,False,False
Oligo,all_donors,NECTIN1,2,0.11604,0.09379,0.9362656278786242,False,True
Oligo,all_donors,OAF,1,0.1335,0.356,0.868399131390071,False,True
Oligo,all_donors,TECTA,3,-0.25677,-0.42812,0.7377914043150055,False,True
Oligo,all_donors,SORL1,45,0.03532,0.12392,0.94838924523625,False,True
Oligo,all_donors,ST3GAL4,15,0.08041,-0.33894,0.7611813871271617,False,False
Oligo,all_donors,KIRREL3,1,0.01844,0.04561,0.9727027125737252,False,True
Oligo,all_donors,ADAMTS8,2,0.09323,0.55911,0.8070882055318788,False,True
Oligo,all_donors,JAM3,1,0.05681,-0.18381,0.8299872207753898,False,False
Oligo,all_donors,GLB1L2,1,0.08473,-0.53116,0.7611813871271617,False,False
Oligo,all_donors,B3GAT1,9,0.16325,0.15195,0.853631836092563,False,True
Oligo,all_donors,WNT5B,17,-0.0172,-0.04067,0.9851630673907772,False,True
Oligo,all_donors,TULP3,1,0.12656,0.1915,0.8689406844605668,False,True
Oligo,all_donors,NTF3,21,-0.02712,-0.53417,0.9269195279242748,False,True
Oligo,all_donors,VWF,2,-0.23534,0.07659,0.9723983047580184,False,False
Oligo,all_donors,CD9,11,0.07782,0.33397,0.8418573998156417,False,True
Oligo,all_donors,TNFRSF1A,2,-0.36301,-0.05247,0.9896049139301928,False,True
Oligo,all_donors,ACRBP,1,-0.21783,0.22222,0.9613856868073354,False,False
Oligo,all_donors,C1S,15,-0.01601,0.45649,0.2457920754170889,False,False
Oligo,all_donors,C1R,2,-0.14425,1.76422,0.4446824139589516,False,False
Oligo,all_donors,C1RL,1,-0.48079,0.3685,0.9403338631058912,False,False
Oligo,all_donors,CD163L1,1,-0.51291,-1.09001,0.6516545636841435,False,True
Oligo,all_donors,CD163,1,0.33795,2.49719,0.7062628082522836,False,True
Oligo,all_donors,MFAP5,2,-0.10498,0.01656,0.9979809377905966,False,False
Oligo,all_donors,A2ML1,6,-0.22216,0.01724,0.9965428672327156,False,False
Oligo,all_donors,A2M,3,0.32271,0.37418,0.8493128794500994,False,True
Oligo,all_donors,OLR1,3,0.3367,0.90069,0.8070961390632729,False,True
Oligo,all_donors,PRR4,1,0.11292,-0.32305,0.9414225576139192,False,False
Oligo,all_donors,PRH2,1,-0.02193,0.4546,0.853631836092563,False,False
Oligo,all_donors,PRB1,2,-0.24829,0.23188,0.9486073294993564,False,False
Oligo,all_donors,PRB2,1,-0.32,-0.1745,0.9498063539531416,False,True
Oligo,all_donors,ART4,2,0.02092,-0.32508,0.93418819873233,False,False
Oligo,all_donors,MGP,4,-0.07646,2.77831,0.2145710857594824,False,False
Oligo,all_donors,IAPP,3,-0.19113,0.04208,0.99529358891202,False,False
Oligo,all_donors,SPX,2,0.14122,0.00312,0.998965256258216,False,True
Oligo,all_donors,PTHLH,1,-0.02792,-1.7542,0.6278961537903979,False,True
Oligo,all_donors,OVCH1,1,0.12693,0.23814,0.9412564028434014,False,True
Oligo,all_donors,ADAMTS20,2,-0.23097,-0.26965,0.959184659919514,False,True
Oligo,all_donors,NELL2,3,-0.0399,-0.87683,0.7948067302013576,False,True
Oligo,all_donors,ENDOU,2,-0.16605,-0.29897,0.9356819299723736,False,True
Oligo,all_donors,WNT10B,2,-0.81034,-0.15991,0.9798931639050764,False,True
Oligo,all_donors,IGFBP6,1,-0.48975,-0.41804,0.9322264870162136,False,True
Oligo,all_donors,NPFF,1,-0.25551,0.43053,0.8719250937207794,False,False
Oligo,all_donors,CD63,1,0.20671,0.51054,0.8330063061480015,False,True
Oligo,all_donors,GDF11,2,0.15032,0.16259,0.936477385401717,False,True
Oligo,all_donors,MMP19,1,-0.2056,0.76047,0.8328025567674077,False,False
Oligo,all_donors,PMEL,1,0.03121,0.14416,0.9826665862415238,False,True
Oligo,all_donors,ERBB3,3,0.04681,0.12569,0.8818392879245764,False,True
Oligo,all_donors,IL23A,2,-0.61999,-0.75626,0.8962917065291774,False,True
Oligo,all_donors,TAC3,6,-0.0727,-0.71431,0.8793933965170457,False,True
Oligo,all_donors,WIF1,1,-0.05378,-0.63508,0.91130988494707,False,True
Oligo,all_donors,IL26,1,-0.33459,0.47588,0.8955318046250319,False,False
Oligo,all_donors,LYZ,1,-0.02045,0.92628,0.8897469645010775,False,False
Oligo,all_donors,PTPRR,20,0.06679,-1.4225,0.0369284251247287,True,False
Oligo,all_donors,GLIPR1L1,5,-0.22127,0.31836,0.8651369052175615,False,False
Oligo,all_donors,OTOGL,15,-0.07239,-0.75163,0.8506813841715811,False,True
Oligo,all_donors,NTS,2,-0.09217,0.30735,0.94838924523625,False,False
Oligo,all_donors,KITLG,1,-0.30603,-1.09073,0.7700398517031455,False,True
Oligo,all_donors,DCN,2,-0.0665,0.77952,0.7611813871271617,False,False
Oligo,all_donors,NTN4,1,-0.20583,-0.00033,0.9999046758842842,False,True
Oligo,all_donors,IGF1,2,0.03914,0.43777,0.9064687967526672,False,True
Oligo,all_donors,DAO,4,0.0422,-0.36576,0.9523929174373276,False,False
Oligo,all_donors,TCTN1,1,0.34096,-0.29235,0.6590273221339865,False,False
Oligo,all_donors,GLT1D1,3,-0.28162,-0.1161,0.9686993754024236,False,True
Oligo,all_donors,MMP17,5,0.10784,-1.04447,0.4416990238462333,False,False
Oligo,all_donors,IL17D,1,-0.13418,-0.12811,0.9403338631058912,False,True
Oligo,all_donors,FGF9,1,0.09992,-0.09548,0.9837310464981948,False,False
Oligo,all_donors,C1QTNF9B,3,-0.18303,-1.06272,0.8364455368688887,False,True
Oligo,all_donors,C1QTNF9,2,-0.60888,0.49667,0.90828170944899,False,False
Oligo,all_donors,FLT1,35,-0.09645,0.29135,0.945078335277419,False,False
Oligo,all_donors,HMGB1,21,0.28494,0.12277,0.8506813841715811,False,True
Oligo,all_donors,KL,2,-0.40435,-0.46128,0.9143914736799617,False,True
Oligo,all_donors,NHLRC3,1,0.14222,0.0279,0.9822388862372422,False,True
Oligo,all_donors,ENOX1,2,0.15457,0.27863,0.7436057086433915,False,True
Oligo,all_donors,ITM2B,3,0.12781,0.1587,0.9253460123491896,False,True
Oligo,all_donors,SERPINE3,3,0.03227,-0.22097,0.8968865972867047,False,False
Oligo,all_donors,THSD1,4,0.01514,0.01805,0.99412864687682,False,True
Oligo,all_donors,CNMD,2,0.09909,0.2288,0.9102551141103236,False,True
Oligo,all_donors,PIBF1,1,0.00786,-0.08142,0.9362656278786242,False,False
Oligo,all_donors,CLN5,1,0.17328,0.06374,0.9505726226824328,False,True
Oligo,all_donors,SLITRK1,3,-0.0227,-0.28403,0.6943888902889872,False,True
Oligo,all_donors,GPC5,35,-0.07571,0.87395,0.6781631852333454,False,False
Oligo,all_donors,GPC6,89,-0.00345,0.12669,0.94838924523625,False,False
Oligo,all_donors,ITGBL1,4,-0.27825,0.60931,0.7060459664318759,False,False
Oligo,all_donors,TNFSF13B,3,0.07225,-0.09325,0.940296535739256,False,False
Oligo,all_donors,COL4A1,1,0.24418,-1.15789,0.7185017570142568,False,False
Oligo,all_donors,COL4A2,1,0.24418,-0.90104,0.7491562899507276,False,False
Oligo,all_donors,F10,3,-0.35835,0.08718,0.9842742596545272,False,False
Oligo,all_donors,GAS6,2,-0.18629,0.15288,0.9511381369830706,False,False
Oligo,all_donors,ANG,2,0.1673,0.84382,0.8934325178597301,False,True
Oligo,all_donors,RNASE4,2,0.1673,1.3531,0.5282237838980894,False,True
Oligo,all_donors,RNASE6,2,-0.10427,1.15003,0.8299872207753898,False,False
Oligo,all_donors,RNASE1,3,0.29972,0.4853,0.8589474203292007,False,True
Oligo,all_donors,C14orf93,1,0.25613,0.31011,0.8299872207753898,False,True
Oligo,all_donors,DHRS4L2,9,-0.07729,-0.29136,0.8964770133879699,False,True
Oligo,all_donors,COCH,1,-0.20113,0.35868,0.9249694691256414,False,False
Oligo,all_donors,FAM177A1,2,0.09867,0.10275,0.9100978233927064,False,True
Oligo,all_donors,TMX1,1,0.28066,0.28877,0.7250151407338771,False,True
Oligo,all_donors,NID2,1,-0.26403,-0.73284,0.6578926374933444,False,True
Oligo,all_donors,TXNDC16,1,0.16163,-0.01738,0.9843923394355404,False,False
Oligo,all_donors,ERO1A,1,0.20475,-0.30815,0.7143373796489405,False,False
Oligo,all_donors,LGALS3,1,0.01081,1.33732,0.3033085228117079,False,True
Oligo,all_donors,SMOC1,3,-0.14378,-0.71932,0.5961729255552192,False,True
Oligo,all_donors,PAPLN,5,-0.05926,0.95246,0.8153993825304034,False,False
Oligo,all_donors,ENTPD5,1,-0.06137,0.11229,0.9254204037572902,False,False
Oligo,all_donors,NPC2,1,0.14212,0.71708,0.50827139118012,False,True
Oligo,all_donors,LTBP2,1,-0.00164,0.45493,0.8955318046250319,False,False
Oligo,all_donors,PGF,3,-0.21883,0.28471,0.95189779932639,False,False
Oligo,all_donors,TGFB3,3,0.23051,0.30097,0.9132703834585864,False,True
Oligo,all_donors,VASH1,6,0.04679,-0.17539,0.8920043272417166,False,False
Oligo,all_donors,ISM2,1,-0.50066,0.71253,0.9143914736799617,False,False
Oligo,all_donors,FLRT2,4,0.20598,-0.99721,0.6289166051092747,False,False
Oligo,all_donors,FBLN5,2,-0.5948,-0.01542,0.9965428672327156,False,True
Oligo,all_donors,CHGA,2,0.07579,-0.28301,0.9568704017644444,False,False
Oligo,all_donors,SERPINA1,2,-0.30749,2.22814,0.690308388641286,False,False
Oligo,all_donors,SERPINA5,5,-0.13805,-0.28297,0.959184659919514,False,True
Oligo,all_donors,SERPINA3,1,-0.13335,3.62256,0.1510782498122283,False,False
Oligo,all_donors,HHIPL1,2,-0.46893,-0.27526,0.8956522913019466,False,True
Oligo,all_donors,WDR25,3,0.16406,0.00504,0.99677649268899,False,True
Oligo,all_donors,AMN,1,-0.70249,-0.23372,0.9446707905067074,False,True
Oligo,all_donors,SCG5,2,-0.15432,-0.12913,0.9174746229758064,False,True
Oligo,all_donors,GREM1,1,0.17405,0.52955,0.8299872207753898,False,True
Oligo,all_donors,THBS1,2,-0.07623,-0.3249,0.948503194370673,False,True
Oligo,all_donors,B2M,2,0.2525,0.99336,0.5249816744626354,False,True
Oligo,all_donors,SORD,6,-0.06136,0.18796,0.9109316597720758,False,False
Oligo,all_donors,FBN1,1,0.19696,-0.01362,0.988115067122558,False,False
Oligo,all_donors,FGF7,2,0.22818,-0.05587,0.9751041162889158,False,False
Oligo,all_donors,GLDN,8,0.18255,-0.20649,0.8784056675957087,False,False
Oligo,all_donors,SCG3,1,-0.33234,0.01174,0.9965428672327156,False,False
Oligo,all_donors,LIPC,6,-0.4313,0.76855,0.8475492523753629,False,False
Oligo,all_donors,ANXA2,1,-0.3043,1.92615,0.2404701506568663,False,False
Oligo,all_donors,PPIB,1,0.11182,0.56176,0.7370127508515867,False,True
Oligo,all_donors,CILP,1,-0.56237,0.89462,0.8684169387123155,False,False
Oligo,all_donors,C15orf61,1,-0.01134,0.15864,0.9313394262978272,False,False
Oligo,all_donors,SPESP1,1,-0.14928,0.09867,0.9435006611027348,False,False
Oligo,all_donors,THSD4,62,-0.41888,-0.34595,0.9072392631754675,False,True
Oligo,all_donors,ADPGK,10,0.11183,0.14469,0.8773310875375492,False,True
Oligo,all_donors,LOXL1,3,-0.21091,-0.83197,0.9037975931789344,False,True
Oligo,all_donors,ADAMTS7,1,0.16976,0.47874,0.889863055381061,False,True
Oligo,all_donors,CEMIP,1,0.06668,0.43654,0.7491562899507276,False,True
Oligo,all_donors,IL16,24,-0.26257,0.47597,0.8928193318426232,False,False
Oligo,all_donors,ADAMTSL3,2,0.04004,0.12608,0.9419025361159892,False,True
Oligo,all_donors,NMB,1,0.09503,0.38141,0.9171410446399731,False,True
Oligo,all_donors,ACAN,1,0.19727,-0.77103,0.8837848675479112,False,False
Oligo,all_donors,MFGE8,2,0.82357,0.85765,0.7822482529287431,False,True
Oligo,all_donors,NGRN,1,-0.07824,0.11229,0.9551975093607836,False,False
Oligo,all_donors,FURIN,5,0.05172,0.22084,0.9276482291516448,False,True
Oligo,all_donors,ST8SIA2,2,-0.79048,-0.55211,0.9100978233927064,False,True
Oligo,all_donors,RGMA,5,-0.28741,-0.13938,0.9738175410442128,False,True
Oligo,all_donors,ADAMTS17,1,0.01155,-0.39111,0.7453477825976484,False,False
Oligo,all_donors,CHSY1,1,0.02006,-0.15127,0.8362921146840738,False,False
Oligo,all_donors,PCSK6,45,-0.01975,0.0895,0.94838924523625,False,False
Oligo,all_donors,WFIKKN1,1,0.04129,0.39258,0.9412564028434014,False,True
Oligo,all_donors,METRN,2,0.1773,0.04236,0.9782104470635306,False,True
Oligo,all_donors,GNPTG,1,0.17307,0.14417,0.9199718833087164,False,True
Oligo,all_donors,GFER,2,0.11927,0.24708,0.9362656278786242,False,True
Oligo,all_donors,PKD1,2,0.10395,-0.01356,0.9924667498497394,False,False
Oligo,all_donors,DNASE1L2,1,-0.52352,0.48411,0.9269195279242748,False,False
Oligo,all_donors,PRSS27,1,-0.14553,1.10747,0.5733919438421659,False,False
Oligo,all_donors,IL32,1,-0.47508,1.27797,0.8525846460913581,False,False
Oligo,all_donors,MTRNR2L4,1,-0.01323,0.04331,0.9919451715787562,False,False
Oligo,all_donors,DNASE1,2,-0.38836,0.06867,0.9544074207630244,False,False
Oligo,all_donors,VASN,5,-0.09167,0.05526,0.9851630673907772,False,False
Oligo,all_donors,C16orf89,1,0.31798,-0.01985,0.9939925755754048,False,False
Oligo,all_donors,XYLT1,1,0.08872,0.03851,0.9819960162651298,False,True
Oligo,all_donors,OTOA,3,-0.60062,-0.2855,0.9590517987608644,False,True
Oligo,all_donors,VWA3A,8,-0.46417,0.14311,0.9708743386099892,False,False
Oligo,all_donors,IL4R,12,-0.31194,-0.28414,0.9362656278786242,False,True
Oligo,all_donors,CTF1,2,0.00609,0.94118,0.7586235343224637,False,True
Oligo,all_donors,PRSS53,1,-0.53723,-0.20364,0.9302765364098684,False,True
Oligo,all_donors,ITFG1,1,0.30543,-0.17384,0.8299872207753898,False,False
Oligo,all_donors,MMP2,13,-0.28443,0.50492,0.9356862512044576,False,False
Oligo,all_donors,CES5A,13,-0.21634,-0.98135,0.5046548320959856,False,True
Oligo,all_donors,RSPRY1,1,0.20908,-0.13859,0.8292725897045264,False,False
Oligo,all_donors,CX3CL1,1,-0.3646,-0.31286,0.9362656278786242,False,True
Oligo,all_donors,ADGRG1,11,0.15496,-0.19226,0.9434327305173053,False,False
Oligo,all_donors,PRSS54,1,-0.05286,-1.20489,0.8463423644625195,False,True
Oligo,all_donors,CKLF,2,0.25405,0.37546,0.7342685757716966,False,True
Oligo,all_donors,CES4A,4,0.13496,0.06325,0.9685695155531996,False,True
Oligo,all_donors,GFOD2,1,0.04775,0.0523,0.9733364797883446,False,True
Oligo,all_donors,NRN1L,2,0.01898,0.18032,0.9523929174373276,False,True
Oligo,all_donors,LCAT,3,0.0291,0.47927,0.8624400287698031,False,True
Oligo,all_donors,PLA2G15,3,0.0882,-0.08116,0.973416902052466,False,False
Oligo,all_donors,ST3GAL2,11,0.04998,0.10174,0.9367725978386376,False,True
Oligo,all_donors,IL34,14,-0.26484,0.55371,0.868309399503223,False,False
Oligo,all_donors,CLEC18B,1,0.20307,0.29521,0.9553381480883456,False,True
Oligo,all_donors,ADAMTS18,1,0.03256,-0.0591,0.9947217614049624,False,False
Oligo,all_donors,MBTPS1,1,0.17882,0.04395,0.9431823206812404,False,True
Oligo,all_donors,WFDC1,1,-0.23907,-0.10362,0.9818027912470296,False,True
Oligo,all_donors,CRISPLD2,2,-0.02681,-0.51791,0.8797129628545259,False,True
Oligo,all_donors,SERPINF2,4,-0.10634,0.2188,0.9529354473737556,False,False
Oligo,all_donors,SERPINF1,2,-0.38536,0.81156,0.8521105793340067,False,False
Oligo,all_donors,CYB5D2,1,0.10784,-0.23793,0.8933259544910297,False,False
Oligo,all_donors,CXCL16,1,-0.04465,-0.00419,0.9984756375756284,False,True
Oligo,all_donors,VMO1,1,-0.255,1.58148,0.6721643772449784,False,False
Oligo,all_donors,C1QBP,1,-0.14271,0.55525,0.7347022146412764,False,False
Oligo,all_donors,ASGR1,1,-0.1895,-0.33589,0.9541185376344388,False,True
Oligo,all_donors,TNFSF12,1,0.02703,0.44284,0.861394762259451,False,True
Oligo,all_donors,TNFSF13,2,0.0039,0.60718,0.9120352085429174,False,True
Oligo,all_donors,SHBG,3,0.17811,0.11897,0.9737100441855772,False,True
Oligo,all_donors,NTN1,2,-0.63843,0.04135,0.9902108926142784,False,False
Oligo,all_donors,MTRNR2L1,2,0.88155,-1.76983,0.7491562899507276,False,False
Oligo,all_donors,LGALS9,3,-0.20592,0.39163,0.8941257636842888,False,False
Oligo,all_donors,VTN,2,0.0635,-0.09347,0.9859703773188616,False,False
Oligo,all_donors,SDF2,1,-0.129,0.25461,0.8521105793340067,False,False
Oligo,all_donors,DHRS13,1,-0.00282,-0.15541,0.956674182084127,False,True
Oligo,all_donors,ABHD15,2,-0.02722,0.49382,0.8781028357584484,False,False
Oligo,all_donors,TMEM98,1,0.45753,0.25211,0.8506813841715811,False,True
Oligo,all_donors,SPACA3,3,-0.40941,0.01563,0.9981025680649824,False,False
Oligo,all_donors,CCL2,1,-0.67907,-0.65253,0.9190852001990818,False,True
Oligo,all_donors,MMP28,2,-0.59579,-0.4291,0.9144768500244486,False,True
Oligo,all_donors,CCL5,2,-0.24194,0.86573,0.8818392879245764,False,False
Oligo,all_donors,DHRS11,1,-0.39866,0.0388,0.9888086065326632,False,False
Oligo,all_donors,PLXDC1,2,0.11684,-0.65192,0.8264709976980267,False,False
Oligo,all_donors,IGFBP4,1,-0.13476,0.18877,0.9813850425379972,False,False
Oligo,all_donors,IFI35,1,0.00022,0.53497,0.8781028357584484,False,True
Oligo,all_donors,PYY,8,-0.25495,-0.297,0.9392235698495188,False,True
Oligo,all_donors,GRN,3,0.06505,0.12711,0.9541185376344388,False,True
Oligo,all_donors,C1QL1,2,0.14082,-1.13114,0.6781631852333454,False,False
Oligo,all_donors,MAPT,19,0.03205,0.25212,0.7611813871271617,False,True
Oligo,all_donors,WNT3,1,-0.12616,-0.69858,0.856118881906478,False,True
Oligo,all_donors,NXPH3,2,-0.03096,-0.16178,0.9757340467361156,False,True
Oligo,all_donors,XYLT2,1,0.02092,-0.29783,0.8582432724808153,False,False
Oligo,all_donors,SPATA20,1,-0.09424,0.6273,0.8684169387123155,False,False
Oligo,all_donors,WFIKKN2,1,0.15335,1.9629,0.6661306968176193,False,True
Oligo,all_donors,CA10,3,-0.3811,-0.98735,0.6325619193797943,False,True
Oligo,all_donors,C17orf67,1,0.28939,0.06092,0.9798931639050764,False,True
Oligo,all_donors,SCPEP1,1,0.06313,0.21369,0.8299872207753898,False,True
Oligo,all_donors,RNF43,3,-0.18704,0.24178,0.9550904032778502,False,False
Oligo,all_donors,ACE,2,-0.48052,0.27717,0.958917615529371,False,False
Oligo,all_donors,FAM20A,13,-0.30007,-0.08304,0.9697173347977018,False,True
Oligo,all_donors,BTBD17,2,-0.17227,0.4046,0.901044889784518,False,False
Oligo,all_donors,C17orf99,1,0.02341,-0.20091,0.972937844182088,False,False
Oligo,all_donors,TIMP2,18,0.13436,0.39751,0.4219610406612866,False,True
Oligo,all_donors,LGALS3BP,1,0.07352,0.26924,0.9120376643483084,False,True
Oligo,all_donors,CANT1,5,0.00043,-0.12691,0.9397619226503257,False,False
Oligo,all_donors,C1QTNF1,10,-0.2313,-0.53258,0.9296301349675246,False,True
Oligo,all_donors,NPTX1,3,0.00184,-0.532,0.9049590826338192,False,False
Oligo,all_donors,P4HB,1,0.3414,0.10447,0.9362656278786242,False,True
Oligo,all_donors,NPB,2,-0.24533,-0.37699,0.9072392631754675,False,True
Oligo,all_donors,METRNL,1,0.07826,0.80204,0.8520101042502813,False,True
Oligo,all_donors,CLUL1,5,-0.09965,0.46677,0.8475047665146977,False,False
Oligo,all_donors,ADCYAP1,2,-0.281,0.83642,0.8524978362890144,False,False
Oligo,all_donors,EMILIN2,3,-0.22016,-0.70376,0.6157917821790461,False,True
Oligo,all_donors,LAMA1,25,-0.23134,-0.04995,0.9877509043355988,False,True
Oligo,all_donors,TWSG1,1,0.13187,-0.30142,0.6578926374933444,False,False
Oligo,all_donors,LAMA3,29,-0.29546,-0.53474,0.8486317870924784,False,True
Oligo,all_donors,CHST9,8,-0.12146,-0.352,0.9119645567976078,False,True
Oligo,all_donors,TTR,8,0.10649,-1.93825,0.534859454275969,False,False
Oligo,all_donors,GALNT1,1,-0.54172,-0.14079,0.7911487942643533,False,True
Oligo,all_donors,LIPG,4,-0.43565,-0.66095,0.8874057905584055,False,True
Oligo,all_donors,C18orf54,1,0.0255,-0.42614,0.5020313314773658,False,False
Oligo,all_donors,TCF4,89,0.05355,-0.12541,0.8928995070598102,False,False
Oligo,all_donors,GRP,3,-0.2256,1.11411,0.7864716391537,False,False
Oligo,all_donors,CCBE1,36,-0.33763,-1.12598,0.7342685757716966,False,True
Oligo,all_donors,HMSD,2,-0.14735,-0.40347,0.868309399503223,False,True
Oligo,all_donors,CBLN2,17,-0.15735,-0.87773,0.837199805688999,False,True
Oligo,all_donors,NETO1,2,-0.13402,-1.08282,0.7070641817227298,False,True
Oligo,all_donors,CNDP1,1,0.23312,-0.0583,0.9716865732257428,False,False
Oligo,all_donors,GZMM,2,-0.09073,0.08271,0.988115067122558,False,False
Oligo,all_donors,FGF22,1,-0.00044,0.69631,0.7610548775799021,False,False
Oligo,all_donors,FSTL3,3,-0.07973,0.23429,0.9392235698495188,False,False
Oligo,all_donors,CFD,2,0.09944,0.71925,0.884812203929648,False,True
Oligo,all_donors,IZUMO4,1,0.23544,0.31817,0.9049590826338192,False,True
Oligo,all_donors,AMH,1,-0.11654,0.15015,0.9778284428304288,False,False
Oligo,all_donors,MYDGF,2,-0.04614,0.40103,0.8520101042502813,False,False
Oligo,all_donors,HSD11B1L,1,0.14567,0.04331,0.9875389755054692,False,True
Oligo,all_donors,NRTN,1,-1.14194,-0.33793,0.9508206637708227,False,True
Oligo,all_donors,FUT6,2,0.08893,-0.13322,0.9864562139367992,False,False
Oligo,all_donors,PSPN,2,0.03669,-0.29763,0.9412564028434014,False,False
Oligo,all_donors,C3,2,-0.3267,1.58772,0.2730632966576781,False,False
Oligo,all_donors,FBN3,2,-0.43482,-1.03877,0.761108670532819,False,True
Oligo,all_donors,ANGPTL4,2,-0.15379,0.5884,0.6895551457270579,False,False
Oligo,all_donors,ADAMTS10,4,-0.58977,-1.45984,0.5185210675625821,False,True
Oligo,all_donors,OLFM2,19,-0.7572,-0.67361,0.8373226038847789,False,True
Oligo,all_donors,COL5A3,2,-0.26565,-0.12054,0.9724047991648408,False,True
Oligo,all_donors,EPOR,2,-0.03765,0.32397,0.9266256836201232,False,False
Oligo,all_donors,MAN2B1,2,0.11882,0.01278,0.9924667498497394,False,True
Oligo,all_donors,RTBDN,3,-0.05336,0.41191,0.9300216095972762,False,False
Oligo,all_donors,CALR,1,0.20851,-0.01093,0.996290519098115,False,False
Oligo,all_donors,DAND5,3,-0.02527,-0.04953,0.9952039963475446,False,True
Oligo,all_donors,PODNL1,2,0.16017,-0.12293,0.9837310464981948,False,False
Oligo,all_donors,SAMD1,1,0.1088,0.10885,0.9541185376344388,False,True
Oligo,all_donors,ADGRE5,1,-0.07682,-0.1789,0.898078083680576,False,True
Oligo,all_donors,ADGRE3,4,0.06656,0.3806,0.9289624434370214,False,True
Oligo,all_donors,CPAMD8,2,-0.83768,-0.45597,0.9269195279242748,False,True
Oligo,all_donors,IFI30,1,-0.38541,0.81889,0.9066567543864718,False,False
Oligo,all_donors,GDF15,2,0.08369,0.60358,0.9190852001990818,False,True
Oligo,all_donors,CRLF1,2,-0.21461,-0.19708,0.9648644526430004,False,True
Oligo,all_donors,NCAN,3,-0.56364,-0.78862,0.8177800702168395,False,True
Oligo,all_donors,HAPLN4,1,-0.8415,-0.44103,0.9362656278786242,False,True
Oligo,all_donors,GPI,1,-0.33228,-0.24781,0.7911487942643533,False,True
Oligo,all_donors,SCGB2B2,13,0.0812,-0.19578,0.8495883775149917,False,False
Oligo,all_donors,SCN1B,2,0.29008,0.38673,0.8328025567674077,False,True
Oligo,all_donors,LGI4,1,-0.039,0.53578,0.7787309064699263,False,False
Oligo,all_donors,HAMP,3,-0.12163,1.05024,0.868309399503223,False,False
Oligo,all_donors,DMKN,3,-0.28534,0.26293,0.9585276098906348,False,False
Oligo,all_donors,HSPB6,1,0.08352,0.64905,0.912201952992642,False,True
Oligo,all_donors,CATSPERG,1,0.1295,0.2975,0.7195093870873828,False,True
Oligo,all_donors,CCER2,1,-0.02967,0.50713,0.8732726315385382,False,False
Oligo,all_donors,ACP7,1,-0.28393,-0.22349,0.9249694691256414,False,True
Oligo,all_donors,FCGBP,6,-0.21255,0.68686,0.8732726315385382,False,False
Oligo,all_donors,LTBP4,7,-0.0164,-0.47831,0.8160552016259455,False,True
Oligo,all_donors,MIA,1,0.27446,0.95097,0.8651369052175615,False,True
Oligo,all_donors,TGFB1,2,-0.37907,0.51065,0.7773338024330817,False,False
Oligo,all_donors,CXCL17,1,-0.20029,0.32993,0.9356862512044576,False,False
Oligo,all_donors,CEACAM1,1,-0.18777,-0.51794,0.8198242746197086,False,True
Oligo,all_donors,PSG8,9,0.07644,0.53727,0.5675161070863111,False,True
Oligo,all_donors,PSG1,2,0.02437,-0.09166,0.9837310464981948,False,False
Oligo,all_donors,PSG6,1,-0.12754,0.72581,0.892524021688951,False,False
Oligo,all_donors,PINLYP,2,0.23226,1.08997,0.2753648644688273,False,True
Oligo,all_donors,PLAUR,2,-0.06207,-0.21603,0.9369065878466378,False,True
Oligo,all_donors,PVR,1,-0.28749,-0.21581,0.9064687967526672,False,True
Oligo,all_donors,APOE,3,-0.16095,-0.07457,0.9864450869846328,False,True
Oligo,all_donors,APOC1,2,-0.15649,0.36137,0.9302765364098684,False,False
Oligo,all_donors,APOC2,4,-0.46022,0.89029,0.7797904152110069,False,False
Oligo,all_donors,PGLYRP1,1,0.14445,0.12606,0.9811966632758145,False,True
Oligo,all_donors,IGFL4,7,-0.29586,-0.64716,0.4109134027091499,False,True
Oligo,all_donors,IGFL3,3,-0.33765,-0.80952,0.8513948852482152,False,True
Oligo,all_donors,FKRP,2,0.06262,0.02242,0.9924667498497394,False,True
Oligo,all_donors,CA11,1,0.05995,-0.09802,0.972937844182088,False,False
Oligo,all_donors,NTN5,1,-0.02896,0.56543,0.842628735129492,False,False
Oligo,all_donors,NUCB1,1,0.07178,0.146,0.9362656278786242,False,True
Oligo,all_donors,FLT3LG,2,-0.29131,0.62558,0.8049950880898739,False,False
Oligo,all_donors,ADM5,1,-0.35251,-0.41616,0.9447431932907222,False,True
Oligo,all_donors,IL4I1,9,0.13442,-0.53655,0.8955318046250319,False,False
Oligo,all_donors,EMC10,2,-0.19597,0.15846,0.917116145585626,False,False
Oligo,all_donors,CLEC11A,2,0.1699,0.52478,0.8209098186726145,False,True
Oligo,all_donors,KLK6,1,0.13015,0.36666,0.8231721483254876,False,True
Oligo,all_donors,KLK7,2,-0.12837,-0.55714,0.9224540838102268,False,True
Oligo,all_donors,KLK10,2,-0.28135,-0.70464,0.9324283240532784,False,True
Oligo,all_donors,IGLON5,2,-0.75537,0.54049,0.8953863051774641,False,False
Oligo,all_donors,SIGLEC10,2,-0.21306,-0.87167,0.8796104953184828,False,True
Oligo,all_donors,SSC5D,4,-0.10958,0.60586,0.8915657341359929,False,False
Oligo,all_donors,EDDM13,2,-0.18274,0.16319,0.94838924523625,False,False
Oligo,all_donors,A1BG,1,-0.17712,0.10188,0.9671700978359844,False,False
Oligo,all_donors,RSPO4,2,-0.07294,-0.42565,0.8643396079476379,False,True
Oligo,all_donors,PDYN,2,-0.41987,1.37848,0.6325619193797943,False,False
Oligo,all_donors,ATRN,1,-0.20731,-0.0179,0.9826665862415238,False,True
Oligo,all_donors,C20orf27,2,0.0314,0.60112,0.7540430835029771,False,True
Oligo,all_donors,CHGB,2,-0.22776,0.41999,0.9289624434370214,False,False
Oligo,all_donors,BMP2,3,0.34033,0.50692,0.8373226038847789,False,True
Oligo,all_donors,FLRT3,1,0.24804,0.01881,0.99412864687682,False,True
Oligo,all_donors,PCSK2,2,-0.12171,-0.80061,0.7396954342025674,False,True
Oligo,all_donors,CST3,2,-0.0655,-0.12627,0.9746488920533946,False,True
Oligo,all_donors,ENTPD6,1,0.08117,0.08766,0.940424324295759,False,True
Oligo,all_donors,BPIFB1,2,-0.14617,-0.14216,0.9795445188494036,False,True
Oligo,all_donors,ASIP,11,-0.2381,0.73158,0.7556851941582978,False,False
Oligo,all_donors,MMP24,1,0.20352,0.30226,0.8928193318426232,False,True
Oligo,all_donors,GDF5,3,0.14079,-1.19545,0.8070961390632729,False,False
Oligo,all_donors,SOGA1,2,0.2496,0.0856,0.9428590555410992,False,True
Oligo,all_donors,VSTM2L,2,-0.51387,-0.03871,0.9924667498497394,False,True
Oligo,all_donors,TGM2,1,-0.49014,0.62661,0.9356862512044576,False,False
Oligo,all_donors,BPI,5,-0.05332,-0.4136,0.9412564028434014,False,True
Oligo,all_donors,CCN5,1,0.2882,1.08209,0.2719539520544158,False,True
Oligo,all_donors,MATN4,3,0.15644,1.11821,0.8506813841715811,False,True
Oligo,all_donors,SDC4,1,0.13583,0.54747,0.8719250937207794,False,True
Oligo,all_donors,WFDC2,2,-0.23893,0.22011,0.9362656278786242,False,False
Oligo,all_donors,WFDC10B,1,-0.02724,-0.4537,0.9253460123491896,False,True
Oligo,all_donors,WFDC3,1,-0.00445,0.09728,0.9727027125737252,False,False
Oligo,all_donors,PLTP,1,-0.28074,0.51323,0.8478410247216294,False,False
Oligo,all_donors,CD40,1,-0.18422,1.2491,0.7377914043150055,False,False
Oligo,all_donors,SULF2,1,-0.55214,-0.9843,0.7586235343224637,False,True
Oligo,all_donors,CBLN4,1,-0.13485,-1.22944,0.7911487942643533,False,True
Oligo,all_donors,BMP7,1,0.14599,-0.42194,0.761108670532819,False,False
Oligo,all_donors,GNAS,21,0.0275,0.06818,0.9613856868073354,False,True
Oligo,all_donors,LAMA5,1,-0.74909,-0.07114,0.988115067122558,False,True
Oligo,all_donors,COL9A3,1,0.01181,0.03754,0.9811966632758145,False,True
Oligo,all_donors,TNFRSF6B,2,-0.04293,0.05566,0.988115067122558,False,False
Oligo,all_donors,LIPI,1,0.27798,0.70593,0.868309399503223,False,True
Oligo,all_donors,CXADR,1,0.02199,-0.38771,0.4765340396198836,False,False
Oligo,all_donors,APP,8,0.19505,-0.0202,0.9819810717433384,False,False
Oligo,all_donors,ADAMTS1,2,0.31051,0.2175,0.9036093472994116,False,True
Oligo,all_donors,ADAMTS5,1,0.43818,1.23399,0.8235848056281357,False,True
Oligo,all_donors,C21orf62,1,-0.09702,0.57135,0.7412296313524072,False,False
Oligo,all_donors,IFNAR2,1,0.18605,0.06136,0.9551975093607836,False,True
Oligo,all_donors,DSCAM,91,-0.23945,-1.39514,0.3033085228117079,False,True
Oligo,all_donors,ERVH48-1,2,-0.05785,0.13703,0.9727027125737252,False,False
Oligo,all_donors,COL18A1,14,-0.35144,-0.79943,0.7327313501108011,False,True
Oligo,all_donors,COL6A1,1,0.2006,0.75848,0.8160552016259455,False,True
Oligo,all_donors,COL6A2,3,-0.10134,-0.30957,0.9648476203838576,False,True
Oligo,all_donors,S100B,2,0.20915,0.01845,0.9924667498497394,False,True
Oligo,all_donors,IL17RA,1,0.00379,0.50307,0.5513703197699268,False,True
Oligo,all_donors,ADA2,5,-0.37909,-0.48968,0.8424918566042563,False,True
Oligo,all_donors,C22orf39,1,0.0713,0.15519,0.9155692863724122,False,True
Oligo,all_donors,SERPIND1,4,-0.52259,-0.13735,0.964423499521772,False,True
Oligo,all_donors,IGLV10-54,1,-0.02462,-0.05389,0.9932310345898904,False,True
Oligo,all_donors,IGLL1,1,-0.29168,-0.15349,0.97129254457547,False,True
Oligo,all_donors,MIF,1,0.09908,0.26605,0.9362656278786242,False,True
Oligo,all_donors,EMID1,1,-0.67494,-0.31038,0.940160797550192,False,True
Oligo,all_donors,TCN2,3,-0.11502,0.5307,0.7639370900250486,False,False
Oligo,all_donors,BPIFC,1,0.42819,-0.6708,0.8936639766839248,False,False
Oligo,all_donors,TIMP3,3,-0.02911,0.09504,0.9828518639492032,False,False
Oligo,all_donors,C1QTNF6,2,0.00496,0.43924,0.785561974245967,False,True
Oligo,all_donors,LGALS1,1,-0.12189,0.05402,0.9877509043355988,False,False
Oligo,all_donors,PDGFB,4,-0.40379,-0.22925,0.9598751070934538,False,True
Oligo,all_donors,CHADL,2,0.0978,0.12317,0.9356819299723736,False,True
Oligo,all_donors,CCDC134,1,-0.03466,0.06966,0.9692675178607644,False,False
Oligo,all_donors,SCUBE1,2,-0.19118,-0.0897,0.988115067122558,False,True
Oligo,all_donors,FBLN1,3,-0.12513,0.47371,0.8732726315385382,False,False
Oligo,all_donors,WNT7B,5,-0.05367,-0.06419,0.9895405717384552,False,True
Oligo,all_donors,TAFA5,61,0.12529,0.02437,0.9875389755054692,False,True
Oligo,all_donors,CSF2RA,5,-0.44291,-0.43731,0.8955318046250319,False,True
Oligo,all_donors,DHRSX,2,-0.25265,-0.26566,0.8051456022867449,False,True
Oligo,all_donors,ARSF,4,-0.0511,-0.45391,0.9362656278786242,False,True
Oligo,all_donors,MXRA5,2,0.60974,-1.2232,0.8299872207753898,False,False
Oligo,all_donors,ANOS1,1,0.11829,-0.44403,0.8987831620341941,False,False
Oligo,all_donors,VEGFD,2,0.12418,-0.10268,0.9585276098906348,False,False
Oligo,all_donors,APOO,1,0.22744,-0.02185,0.9864562139367992,False,False
Oligo,all_donors,SRPX,1,0.15586,-0.21681,0.9717058109061398,False,False
Oligo,all_donors,NDP,2,0.03829,0.21216,0.8777824620426768,False,True
Oligo,all_donors,DIPK2B,1,0.02836,0.38544,0.8364455368688887,False,True
Oligo,all_donors,TIMP1,1,-0.00257,1.45471,0.5282237838980894,False,False
Oligo,all_donors,PCSK1N,2,-0.48917,0.44228,0.8662540858981508,False,False
Oligo,all_donors,EDA,5,0.2513,0.22936,0.8732726315385382,False,True
Oligo,all_donors,PDZD11,1,0.07731,0.1066,0.9661783055339298,False,True
Oligo,all_donors,SRPX2,2,0.11577,-0.99797,0.856118881906478,False,False
Oligo,all_donors,COL4A6,2,0.36483,0.71193,0.8521105793340067,False,True
Oligo,all_donors,COL4A5,9,0.32862,0.03893,0.9753708673729076,False,True
Oligo,all_donors,CHRDL1,1,-0.05371,-0.76709,0.8234687949387971,False,True
Oligo,all_donors,PGRMC1,1,0.0513,0.24814,0.9171410446399731,False,True
Oligo,all_donors,APLN,2,0.01441,-0.26038,0.9446707905067074,False,False
Oligo,all_donors,ENOX2,38,-0.06095,-0.2231,0.7947936452272703,False,True
Oligo,all_donors,IGSF1,11,0.15268,0.83441,0.7018066543617796,False,True
Oligo,all_donors,GPC4,2,-0.20943,-0.86775,0.5046548320959856,False,True
Oligo,all_donors,FGF13,15,0.48056,-0.31151,0.9403338631058912,False,False
Oligo,all_donors,CD99L2,1,0.31906,-0.04308,0.9587502459353264,False,False
Oligo,all_donors,BGN,1,-0.52498,0.5208,0.9083777059005664,False,False
Oligo,all_donors,FAM3A,1,0.21361,0.00358,0.9979809377905966,False,True
Oligo,all_donors,F8,3,-0.1734,0.47713,0.7177830033228251,False,False
Oligo,min10_cells,ISG15,5,-0.32744,0.78505,0.8166954097246107,False,False
Oligo,min10_cells,AGRN,1,0.23256,0.16296,0.9198465813364282,False,True
Oligo,min10_cells,VWA1,3,0.13334,0.48503,0.6901565080874353,False,True
Oligo,min10_cells,MEGF6,25,-0.35942,0.07371,0.9864562139367992,False,False
Oligo,min10_cells,TNFRSF25,1,-0.17591,0.98248,0.8521105793340067,False,False
Oligo,min10_cells,CA6,2,-0.28777,0.30116,0.9585276098906348,False,False
Oligo,min10_cells,CORT,1,-0.53843,-0.2717,0.9530487718993484,False,True
Oligo,min10_cells,ANGPTL7,2,0.06438,-0.08386,0.984077057763867,False,False
Oligo,min10_cells,DRAXIN,2,0.11562,0.19979,0.960410253589615,False,True
Oligo,min10_cells,NPPA,2,-0.58151,1.82319,0.6180621799731767,False,False
Oligo,min10_cells,TNFRSF1B,2,-0.24998,0.56791,0.8732726315385382,False,False
Oligo,min10_cells,CELA2B,1,0.03629,0.56336,0.8299872207753898,False,True
Oligo,min10_cells,NBL1,14,-0.1041,0.36664,0.91760706038453,False,False
Oligo,min10_cells,PLA2G5,1,-0.36034,0.79171,0.9083777059005664,False,False
Oligo,min10_cells,HSPG2,2,0.15766,0.02922,0.988782323958001,False,True
Oligo,min10_cells,WNT4,1,-0.07822,-0.2559,0.9511941338329052,False,True
Oligo,min10_cells,C1QA,2,0.11151,2.90356,0.1510782498122283,False,True
Oligo,min10_cells,C1QC,3,-0.26408,2.24237,0.4219610406612866,False,False
Oligo,min10_cells,C1QB,3,-0.35965,2.53671,0.215431588832206,False,False
Oligo,min10_cells,MATN1,1,-0.25323,-0.24763,0.9506260758206012,False,True
Oligo,min10_cells,COL16A1,3,0.21516,-0.21564,0.9269195279242748,False,False
Oligo,min10_cells,ADGRB2,5,-0.04362,-0.42507,0.8521105793340067,False,True
Oligo,min10_cells,FNDC5,2,-0.16872,-0.63032,0.8506813841715811,False,True
Oligo,min10_cells,COL8A2,7,-0.35461,0.86859,0.8506813841715811,False,False
Oligo,min10_cells,CSF3R,1,0.22371,-0.16765,0.9722245119076312,False,False
Oligo,min10_cells,EPHA10,3,-0.33555,-0.01775,0.9954756779110407,False,True
Oligo,min10_cells,BMP8A,3,-0.21516,-0.38735,0.8521105793340067,False,True
Oligo,min10_cells,BMP8B,2,-0.28746,-0.83381,0.4526053727890404,False,True
Oligo,min10_cells,PPT1,6,-0.15797,-0.04699,0.9673667747762454,False,True
Oligo,min10_cells,COL9A2,1,0.13902,-0.07492,0.9623258486315684,False,False
Oligo,min10_cells,YBX1,1,0.18299,0.09521,0.91130988494707,False,True
Oligo,min10_cells,P3H1,1,0.11932,-0.14497,0.9171410446399731,False,False
Oligo,min10_cells,SVBP,1,0.18572,0.01954,0.9924667498497394,False,True
Oligo,min10_cells,ST3GAL3,7,-0.0151,-0.04736,0.9443079582728704,False,True
Oligo,min10_cells,SPATA6,1,0.19985,-0.40401,0.5329459249092016,False,False
Oligo,min10_cells,GPX7,1,-0.11002,0.24153,0.9423385382899764,False,False
Oligo,min10_cells,LRP8,1,-0.24312,-0.27302,0.9269195279242748,False,True
Oligo,min10_cells,CDCP2,1,0.09832,0.34734,0.9392235698495188,False,True
Oligo,min10_cells,SSBP3-AS1,1,0.03162,-0.35646,0.9414225576139192,False,False
Oligo,min10_cells,LEPR,20,0.14199,-0.35024,0.7745919251350903,False,False
Oligo,min10_cells,CCN1,2,-0.10448,0.48945,0.9485393544390732,False,False
Oligo,min10_cells,COL24A1,1,-0.60057,-1.39346,0.6274091201876272,False,True
Oligo,min10_cells,CLCA2,1,0.14701,-0.65631,0.7766503399500647,False,False
Oligo,min10_cells,CLCA4,1,0.21776,0.50341,0.6686756337389113,False,True
Oligo,min10_cells,GBP1,1,0.18197,0.45824,0.9403338631058912,False,True
Oligo,min10_cells,TGFBR3,9,0.36058,-0.26124,0.9313394262978272,False,False
Oligo,min10_cells,F3,2,0.25829,0.14597,0.9613856868073354,False,True
Oligo,min10_cells,VCAM1,2,0.10228,0.91657,0.868309399503223,False,True
Oligo,min10_cells,EXTL2,1,0.2337,0.15252,0.8941257636842888,False,True
Oligo,min10_cells,OLFM3,25,-0.1679,-0.40366,0.90828170944899,False,True
Oligo,min10_cells,COL11A1,1,-0.02286,-0.31838,0.9390108201398022,False,True
Oligo,min10_cells,AMY2B,3,0.00126,0.08888,0.936477385401717,False,True
Oligo,min10_cells,CSF1,2,0.17842,0.14366,0.9447431932907222,False,True
Oligo,min10_cells,CHI3L2,12,0.11962,1.43767,0.761108670532819,False,True
Oligo,min10_cells,WNT2B,3,-0.19589,0.30904,0.7611813871271617,False,False
Oligo,min10_cells,OLFML3,2,-0.25678,-0.63724,0.9362656278786242,False,True
Oligo,min10_cells,NGF,1,-0.066,-0.20318,0.9673667747762454,False,True
Oligo,min10_cells,CD160,3,-0.28601,-0.52636,0.9242992569638688,False,True
Oligo,min10_cells,NOTCH2NLA,1,-0.01751,0.12142,0.9739552415598178,False,False
Oligo,min10_cells,NOTCH2NLC,1,0.16668,0.88738,0.7342685757716966,False,True
Oligo,min10_cells,C1orf54,3,0.09661,0.05787,0.9839222297967716,False,True
Oligo,min10_cells,ECM1,3,0.51961,0.18341,0.9403338631058912,False,True
Oligo,min10_cells,CTSS,2,-0.00941,1.2727,0.3211034644812396,False,False
Oligo,min10_cells,CTSK,2,-0.23838,-0.06389,0.9826665862415238,False,True
Oligo,min10_cells,C1orf56,2,0.26938,0.23553,0.9426636951677192,False,True
Oligo,min10_cells,TUFT1,1,0.00667,-0.08607,0.9764288906512568,False,False
Oligo,min10_cells,S100A9,1,0.12275,1.19009,0.8955318046250319,False,True
Oligo,min10_cells,S100A8,1,0.09319,1.81582,0.785561974245967,False,True
Oligo,min10_cells,S100A4,3,-0.0726,1.34682,0.583668773051218,False,False
Oligo,min10_cells,S100A13,2,-0.15459,0.15901,0.9567549032284328,False,False
Oligo,min10_cells,IL6R,3,-0.2106,-0.49825,0.8299872207753898,False,True
Oligo,min10_cells,EFNA4,2,-0.24976,0.80738,0.8475047665146977,False,False
Oligo,min10_cells,EFNA1,2,0.24197,0.4516,0.6661306968176193,False,True
Oligo,min10_cells,THBS3,1,0.0788,0.05129,0.9860265610667588,False,True
Oligo,min10_cells,BGLAP,2,-0.15852,1.18411,0.6686756337389113,False,False
Oligo,min10_cells,NAXE,2,0.10296,0.48895,0.8369125506591578,False,True
Oligo,min10_cells,HAPLN2,1,0.14899,0.39381,0.8299872207753898,False,True
Oligo,min10_cells,BCAN,2,0.37058,-0.01235,0.9974828289232344,False,False
Oligo,min10_cells,HDGF,1,0.11328,0.10572,0.9362656278786242,False,True
Oligo,min10_cells,COPA,1,-0.11436,-0.11308,0.8941257636842888,False,True
Oligo,min10_cells,ADAMTS4,4,0.16001,-0.01998,0.9875389755054692,False,False
Oligo,min10_cells,FCGR3A,1,-0.22953,1.88027,0.5486572091142387,False,False
Oligo,min10_cells,FCRLA,1,-0.11355,0.75089,0.9128363030949688,False,False
Oligo,min10_cells,OLFML2B,14,0.05602,0.32818,0.8941257636842888,False,True
Oligo,min10_cells,CREG1,1,-0.02556,0.16661,0.8987831620341941,False,False
Oligo,min10_cells,DPT,1,-0.36161,1.86386,0.4860787966177731,False,False
Oligo,min10_cells,F5,2,-0.20652,0.57801,0.8520101042502813,False,False
Oligo,min10_cells,TNN,2,-0.65542,-0.95543,0.8915657341359929,False,True
Oligo,min10_cells,TNR,3,-0.19165,-0.97786,0.6901565080874353,False,True
Oligo,min10_cells,PAPPA2,1,-0.38439,0.39038,0.558831343693205,False,False
Oligo,min10_cells,BRINP2,1,-0.23849,-0.25637,0.8970816616774369,False,True
Oligo,min10_cells,ANGPTL1,1,0.44718,-0.25361,0.94838924523625,False,False
Oligo,min10_cells,QSOX1,2,0.07407,-0.05708,0.9430898001402525,False,False
Oligo,min10_cells,MR1,1,-0.05224,0.13589,0.9599952311147087,False,False
Oligo,min10_cells,LAMC1,1,0.0607,-0.55157,0.8592050854981844,False,False
Oligo,min10_cells,LAMC2,1,-0.11009,-0.30515,0.959045491822385,False,True
Oligo,min10_cells,HMCN1,1,0.2382,-0.25735,0.9392235698495188,False,False
Oligo,min10_cells,BRINP3,3,0.15857,-0.88874,0.7611813871271617,False,False
Oligo,min10_cells,CFH,2,-0.42897,0.13302,0.9807750780587688,False,False
Oligo,min10_cells,CRB1,31,-0.04037,-0.0968,0.945065633544775,False,True
Oligo,min10_cells,RNPEP,1,-0.11835,0.06901,0.9524256009468204,False,False
Oligo,min10_cells,CHI3L1,2,-0.1214,2.32295,0.5924331297460975,False,False
Oligo,min10_cells,CHIT1,1,-0.47803,-0.28136,0.9362656278786242,False,True
Oligo,min10_cells,PRELP,3,0.25989,-0.02609,0.995833966128294,False,False
Oligo,min10_cells,CNTN2,2,0.24724,0.09623,0.8962917065291774,False,True
Oligo,min10_cells,PM20D1,2,-0.33873,-0.79548,0.8480390082918806,False,True
Oligo,min10_cells,IL19,17,-0.27519,0.75597,0.9100978233927064,False,False
Oligo,min10_cells,C4BPB,1,-0.1195,0.05291,0.9924667498497394,False,False
Oligo,min10_cells,C4BPA,1,-0.10922,0.58722,0.785561974245967,False,False
Oligo,min10_cells,CD55,1,0.00422,-0.1527,0.9362656278786242,False,False
Oligo,min10_cells,CR1L,1,-0.28067,-0.00862,0.9981518664611336,False,True
Oligo,min10_cells,LAMB3,3,0.04815,-0.06663,0.9875389755054692,False,False
Oligo,min10_cells,NENF,1,0.08435,0.10694,0.9623258486315684,False,True
Oligo,min10_cells,VASH2,2,-0.35469,-0.02837,0.9927433659115152,False,True
Oligo,min10_cells,USH2A,2,0.32004,-0.77546,0.6182689500215894,False,False
Oligo,min10_cells,TGFB2,3,0.06834,-0.14333,0.9541185376344388,False,False
Oligo,min10_cells,SUSD4,1,0.31512,-1.13527,0.7207473455400751,False,False
Oligo,min10_cells,LEFTY1,2,-0.22966,0.16978,0.9578468939013371,False,False
Oligo,min10_cells,WNT9A,2,-0.0731,-0.15735,0.9739552415598178,False,True
Oligo,min10_cells,GALNT2,1,0.11935,0.11534,0.9136197279845528,False,True
Oligo,min10_cells,AGT,1,-0.04778,0.3973,0.9064687967526672,False,False
Oligo,min10_cells,NID1,2,-0.15356,-1.00053,0.8732726315385382,False,True
Oligo,min10_cells,GREM2,1,0.19144,-0.72183,0.9075486707110896,False,False
Oligo,min10_cells,NLRP3,2,0.37888,0.08995,0.9861046733894367,False,True
Oligo,min10_cells,LYPD8,2,-0.0874,0.45226,0.9362656278786242,False,False
Oligo,min10_cells,ALKAL2,1,0.16498,0.48798,0.8521105793340067,False,True
Oligo,min10_cells,PXDN,1,-0.71978,-1.30899,0.633110814924715,False,True
Oligo,min10_cells,COLEC11,5,-0.4589,1.10908,0.8462080156305637,False,False
Oligo,min10_cells,GDF7,1,-0.64181,-0.53587,0.9296701466344708,False,True
Oligo,min10_cells,POMC,1,-0.02135,-1.66767,0.7159566118042388,False,True
Oligo,min10_cells,EMILIN1,1,-0.08237,-0.35325,0.9506260758206012,False,True
Oligo,min10_cells,CGREF1,2,-0.34471,-0.76491,0.8113549394320176,False,True
Oligo,min10_cells,UCN,2,-1.07528,0.86538,0.4219610406612866,False,False
Oligo,min10_cells,FNDC4,1,-0.13826,-0.08543,0.9842742596545272,False,True
Oligo,min10_cells,LTBP1,27,-0.00038,-0.21673,0.9193443526232542,False,True
Oligo,min10_cells,CRIM1,2,0.38714,0.34026,0.7672352218898817,False,True
Oligo,min10_cells,QPCT,2,-0.35274,0.51827,0.91760706038453,False,False
Oligo,min10_cells,PKDCC,2,0.111,-0.14987,0.9659580637804812,False,False
Oligo,min10_cells,EFEMP1,1,-0.15504,0.70312,0.6258726548273122,False,False
Oligo,min10_cells,TGFA,2,0.2065,-0.05797,0.9403338631058912,False,False
Oligo,min10_cells,PRADC1,1,0.13648,0.40087,0.8520101042502813,False,True
Oligo,min10_cells,LOXL3,1,0.17553,0.75578,0.7577802765714435,False,True
Oligo,min10_cells,GNLY,1,-0.28181,1.15509,0.7797904152110069,False,False
Oligo,min10_cells,CD8A,2,-0.28652,-0.2726,0.9508206637708227,False,True
Oligo,min10_cells,THNSL2,2,0.21162,0.52643,0.8536347956186694,False,True
Oligo,min10_cells,MGAT4A,11,-0.04804,0.20998,0.8341299015899023,False,False
Oligo,min10_cells,CREG2,2,0.1242,-0.04743,0.9864562139367992,False,False
Oligo,min10_cells,IL1R1,9,0.13338,0.73678,0.8624400287698031,False,True
Oligo,min10_cells,ECRG4,1,-0.49507,0.798,0.8512125871059301,False,False
Oligo,min10_cells,FBLN7,2,-0.40609,-0.05765,0.988115067122558,False,True
Oligo,min10_cells,C1QL2,1,-0.35973,0.50934,0.9276482291516448,False,False
Oligo,min10_cells,INHBB,1,-0.50914,0.3421,0.9508206637708227,False,False
Oligo,min10_cells,PROC,1,-0.36641,-0.02183,0.996959416243814,False,True
Oligo,min10_cells,MGAT5,36,-0.00891,-0.06951,0.960554937613807,False,True
Oligo,min10_cells,NXPH2,3,0.07298,-0.46939,0.918565782352707,False,False
Oligo,min10_cells,LYPD6,3,0.08245,0.32767,0.8941257636842888,False,True
Oligo,min10_cells,NMI,1,0.26384,0.51382,0.8362921146840738,False,True
Oligo,min10_cells,TNFAIP6,2,-0.4691,-0.3787,0.8049950880898739,False,True
Oligo,min10_cells,PLA2R1,3,-0.14107,-0.12828,0.9727027125737252,False,True
Oligo,min10_cells,FAP,3,0.12576,1.42329,0.1510782498122283,False,True
Oligo,min10_cells,FRZB,2,-0.31803,-0.34044,0.9068834936195328,False,True
Oligo,min10_cells,TFPI,3,0.00642,0.82391,0.8310029504983052,False,True
Oligo,min10_cells,COL5A2,1,0.09323,0.2998,0.920365443897046,False,True
Oligo,min10_cells,MSTN,4,0.12858,0.3219,0.9362656278786242,False,True
Oligo,min10_cells,TMEFF2,3,0.33508,0.06494,0.9673667747762454,False,True
Oligo,min10_cells,NRP2,2,0.59968,0.70749,0.633110814924715,False,True
Oligo,min10_cells,ADAM23,1,0.38919,-0.14504,0.9302765364098684,False,False
Oligo,min10_cells,VWC2L,1,0.04188,-2.17474,0.176815713501053,False,False
Oligo,min10_cells,FN1,1,-0.04159,0.14371,0.921308890921271,False,False
Oligo,min10_cells,IGFBP2,4,-0.24957,0.93401,0.7540430835029771,False,False
Oligo,min10_cells,IGFBP5,2,0.02627,-0.26234,0.9511941338329052,False,False
Oligo,min10_cells,ABCB6,1,0.20678,0.16953,0.936477385401717,False,True
Oligo,min10_cells,GLB1L,2,0.09354,-0.13077,0.968242777638234,False,False
Oligo,min10_cells,INHA,1,-0.52499,-1.93143,0.7611813871271617,False,True
Oligo,min10_cells,SCG2,2,-0.25665,-0.30998,0.8974033596796536,False,True
Oligo,min10_cells,SERPINE2,3,0.08067,-0.05064,0.9811966632758145,False,False
Oligo,min10_cells,COL4A4,1,-0.18067,-0.72981,0.8373226038847789,False,True
Oligo,min10_cells,COL4A3,1,-0.18067,-0.16191,0.9392235698495188,False,True
Oligo,min10_cells,NPPC,1,0.15826,0.88335,0.7946724074937744,False,True
Oligo,min10_cells,SNORC,2,0.24013,-0.25532,0.91130988494707,False,False
Oligo,min10_cells,COL6A3,6,-0.36045,-0.16,0.9613856868073354,False,True
Oligo,min10_cells,OTOS,2,-0.19434,2.6978,0.2827531534513879,False,False
Oligo,min10_cells,GPC1,6,-0.03272,-0.29095,0.8987831620341941,False,True
Oligo,min10_cells,SNED1,12,-0.32969,0.16781,0.9362656278786242,False,False
Oligo,min10_cells,CHL1,31,-0.18786,-0.68283,0.7193506446664414,False,True
Oligo,min10_cells,CNTN4,69,-0.3314,-0.81899,0.7207473455400751,False,True
Oligo,min10_cells,IL17RE,2,-0.29681,0.8782,0.8399751170069176,False,False
Oligo,min10_cells,GHRL,4,-0.45569,0.86079,0.7741743708218681,False,False
Oligo,min10_cells,TIMP4,1,-0.35657,0.58537,0.9261419329306132,False,False
Oligo,min10_cells,FBLN2,6,-0.37393,-0.21854,0.9403338631058912,False,True
Oligo,min10_cells,WNT7A,1,-0.8726,-1.50367,0.8521105793340067,False,True
Oligo,min10_cells,COLQ,7,-0.35025,-0.05262,0.9561820372991476,False,True
Oligo,min10_cells,BTD,8,0.13766,0.31317,0.3481696143047132,False,True
Oligo,min10_cells,TGFBR2,2,0.40837,0.92906,0.534859454275969,False,True
Oligo,min10_cells,CRTAP,1,0.13164,0.22791,0.6863586492091437,False,True
Oligo,min10_cells,PDCD6IP,1,-0.13178,-0.0525,0.9451829174838768,False,True
Oligo,min10_cells,CCK,4,0.08437,0.87433,0.856118881906478,False,True
Oligo,min10_cells,GASK1A,2,-0.06055,0.00272,0.9981518664611336,False,False
Oligo,min10_cells,CDCP1,2,0.03015,0.44463,0.9403338631058912,False,True
Oligo,min10_cells,CSPG5,1,-0.50622,-0.50455,0.8203801172587547,False,True
Oligo,min10_cells,SPINK8,1,-0.13176,-0.35331,0.9215490599615264,False,True
Oligo,min10_cells,PLXNB1,4,0.25401,0.10386,0.9397798460760928,False,True
Oligo,min10_cells,COL7A1,3,-0.77372,0.05146,0.9842742596545272,False,False
Oligo,min10_cells,LAMB2,1,-0.10202,1.17136,0.7342685757716966,False,False
Oligo,min10_cells,DAG1,1,0.11138,0.1094,0.9361400131952704,False,True
Oligo,min10_cells,MST1,1,-0.21024,0.16669,0.9541432133475098,False,False
Oligo,min10_cells,SEMA3B,3,0.19921,0.19235,0.8914099029768936,False,True
Oligo,min10_cells,HYAL1,2,-0.20986,0.34817,0.8955318046250319,False,False
Oligo,min10_cells,MANF,1,0.11546,0.43888,0.8521105793340067,False,True
Oligo,min10_cells,ITIH4,1,-0.10756,0.39143,0.8732726315385382,False,False
Oligo,min10_cells,MUSTN1,2,0.3567,0.59459,0.8374718670723827,False,True
Oligo,min10_cells,IL17RB,2,0.1386,0.20759,0.94838924523625,False,True
Oligo,min10_cells,WNT5A,6,0.11382,-0.22932,0.959184659919514,False,False
Oligo,min10_cells,ADAMTS9,2,-0.12517,-1.31719,0.7185017570142568,False,True
Oligo,min10_cells,TAFA1,53,-0.06268,-0.91782,0.7377914043150055,False,True
Oligo,min10_cells,TAFA4,1,0.09019,0.01177,0.9940736257998336,False,True
Oligo,min10_cells,EPHA3,1,0.3358,2.27322,0.0319510730557978,True,True
Oligo,min10_cells,PROS1,2,-0.02511,-0.15229,0.9411609003001236,False,True
Oligo,min10_cells,COL8A1,1,-0.21966,0.5666,0.8689406844605668,False,False
Oligo,min10_cells,ABI3BP,1,-0.15572,0.27128,0.9249694691256414,False,False
Oligo,min10_cells,NXPE3,4,0.18702,-0.23693,0.1157756242343049,False,False
Oligo,min10_cells,ZPLD1,26,-0.19836,0.54783,0.918565782352707,False,False
Oligo,min10_cells,ALCAM,33,0.07444,0.01301,0.988782323958001,False,True
Oligo,min10_cells,BTLA,1,0.0588,0.46069,0.8984763406717127,False,True
Oligo,min10_cells,CCDC80,2,-0.29296,-0.06936,0.9839181717050084,False,True
Oligo,min10_cells,CD200R1,2,-0.10915,-0.47588,0.9041750758073084,False,True
Oligo,min10_cells,B4GALT4,3,0.18558,-0.11258,0.9356862512044576,False,False
Oligo,min10_cells,FSTL1,1,-0.20355,0.12572,0.9713205864011406,False,False
Oligo,min10_cells,MUC13,1,0.04408,-0.27723,0.9541185376344388,False,False
Oligo,min10_cells,HEG1,1,0.08241,-0.17627,0.8901226295060011,False,False
Oligo,min10_cells,COL6A6,1,-0.03385,0.40475,0.8177800702168395,False,False
Oligo,min10_cells,TF,4,0.27731,-0.16659,0.7370127508515867,False,False
Oligo,min10_cells,PCOLCE2,1,-0.07068,-0.45141,0.9072392631754675,False,True
Oligo,min10_cells,DIPK2A,1,0.19277,0.05698,0.9677862490730728,False,True
Oligo,min10_cells,CPB1,5,0.46355,0.93142,0.2827531534513879,False,True
Oligo,min10_cells,CP,2,0.06545,0.78289,0.719747005056036,False,True
Oligo,min10_cells,IGSF10,2,-0.2795,-0.4031,0.9356862512044576,False,True
Oligo,min10_cells,C3orf33,1,-0.27113,-0.33824,0.4219610406612866,False,True
Oligo,min10_cells,PTX3,1,-0.02075,-0.98062,0.8785923117420417,False,True
Oligo,min10_cells,RARRES1,2,0.04349,0.69246,0.5818687403965118,False,True
Oligo,min10_cells,IL12A,2,0.00605,0.38313,0.8987831620341941,False,True
Oligo,min10_cells,BCHE,2,0.32034,-0.18163,0.9313394262978272,False,False
Oligo,min10_cells,SERPINI1,1,0.1771,0.04866,0.9686993754024236,False,True
Oligo,min10_cells,TNFSF10,1,0.15764,0.6064,0.9322264870162136,False,True
Oligo,min10_cells,CHRD,3,-0.41569,-0.58924,0.8919036701623034,False,True
Oligo,min10_cells,KNG1,1,-0.55121,0.51916,0.9334879646948904,False,False
Oligo,min10_cells,ST6GAL1,29,-0.22602,-0.4375,0.8700051054278489,False,True
Oligo,min10_cells,MASP1,2,0.25746,0.54074,0.8987831620341941,False,True
Oligo,min10_cells,SST,1,0.05861,-1.24706,0.7611813871271617,False,False
Oligo,min10_cells,IL1RAP,12,0.06957,-0.73432,0.761108670532819,False,False
Oligo,min10_cells,UTS2B,7,-0.10247,0.06426,0.9908920210750788,False,False
Oligo,min10_cells,APOD,3,0.29318,0.59072,0.785561974245967,False,True
Oligo,min10_cells,MUC20,3,-0.49721,-0.2483,0.9249694691256414,False,True
Oligo,min10_cells,TFRC,1,-0.02399,-0.03333,0.978957334242942,False,True
Oligo,min10_cells,FBXO45,1,0.12993,-0.08232,0.958917615529371,False,False
Oligo,min10_cells,SPON2,11,-0.04513,-0.65521,0.8440402632986834,False,True
Oligo,min10_cells,FGFR3,2,-0.33149,-0.70909,0.8373226038847789,False,True
Oligo,min10_cells,C4orf48,1,0.09213,0.35222,0.9072392631754675,False,True
Oligo,min10_cells,CYTL1,2,-0.38148,1.78299,0.7250151407338771,False,False
Oligo,min10_cells,MAN2B2,1,-0.00077,0.33322,0.8299872207753898,False,False
Oligo,min10_cells,C1QTNF7,20,-0.28877,-0.27192,0.9122838122387976,False,True
Oligo,min10_cells,SLIT2,2,0.31354,0.50467,0.8235848056281357,False,True
Oligo,min10_cells,SOD3,1,0.20375,-0.0518,0.9889398991482996,False,False
Oligo,min10_cells,LGI2,2,-0.20995,0.29092,0.9446707905067074,False,False
Oligo,min10_cells,SMIM20,1,-0.06028,0.29016,0.8520101042502813,False,False
Oligo,min10_cells,CORIN,10,-0.1594,0.21841,0.9143914736799617,False,False
Oligo,min10_cells,KDR,2,0.04093,0.67927,0.7342685757716966,False,True
Oligo,min10_cells,NMU,1,-0.12968,0.04028,0.994635484492071,False,False
Oligo,min10_cells,IGFBP7,1,0.16668,1.15818,0.6159554047458032,False,True
Oligo,min10_cells,TMPRSS11D,1,0.54224,0.38616,0.8536347956186694,False,True
Oligo,min10_cells,ADAMTS3,1,-0.19818,-1.9826,0.5924331297460975,False,True
Oligo,min10_cells,ALB,1,0.49978,0.29875,0.9424115557258144,False,True
Oligo,min10_cells,BTC,1,-0.29525,-0.21137,0.9649255355319668,False,True
Oligo,min10_cells,ANTXR2,1,0.58362,0.87825,0.8113600986387282,False,True
Oligo,min10_cells,FGF5,1,-0.08718,-0.88984,0.8887979979582972,False,True
Oligo,min10_cells,HPSE,2,-0.42533,1.12586,0.7878536332391539,False,False
Oligo,min10_cells,SPARCL1,3,0.15738,-0.29681,0.9322264870162136,False,False
Oligo,min10_cells,MEPE,1,0.18939,0.189,0.9662367058395016,False,True
Oligo,min10_cells,SPP1,4,0.25974,0.85139,0.5825849206554093,False,True
Oligo,min10_cells,PKD2,8,0.0886,-0.09377,0.9100978233927064,False,False
Oligo,min10_cells,SNCA,1,0.47341,0.23733,0.8373226038847789,False,True
Oligo,min10_cells,NPNT,1,-0.21405,0.4996,0.9143914736799617,False,False
Oligo,min10_cells,AIMP1,1,-0.01874,0.16653,0.8589474203292007,False,False
Oligo,min10_cells,DKK2,21,-0.0852,-1.31166,0.4268761611960195,False,True
Oligo,min10_cells,COL25A1,30,-0.19889,-0.32163,0.9251119923873714,False,True
Oligo,min10_cells,PLA2G12A,1,-0.03962,0.19724,0.7911487942643533,False,False
Oligo,min10_cells,ARSJ,1,-0.08507,0.48043,0.9362656278786242,False,False
Oligo,min10_cells,PRSS12,1,-0.06247,-0.29789,0.94838924523625,False,True
Oligo,min10_cells,NDNF,2,-0.22362,-0.94088,0.8521105793340067,False,True
Oligo,min10_cells,FGF2,1,0.03627,-0.25672,0.9064687967526672,False,False
Oligo,min10_cells,ABHD18,1,-0.27334,-0.05358,0.946659144870812,False,True
Oligo,min10_cells,PGRMC2,2,0.26457,0.06272,0.9412564028434014,False,True
Oligo,min10_cells,IL15,9,-0.23204,0.34322,0.9447431932907222,False,False
Oligo,min10_cells,FREM3,1,-0.24624,-0.10886,0.9686993754024236,False,True
Oligo,min10_cells,HHIP,2,0.20454,-0.06336,0.94838924523625,False,False
Oligo,min10_cells,PRSS48,1,0.02549,0.38203,0.8323196819131713,False,True
Oligo,min10_cells,SFRP2,3,-0.082,-0.04596,0.9933002868961396,False,True
Oligo,min10_cells,PDGFC,2,-0.16117,-0.12418,0.9696213662483532,False,True
Oligo,min10_cells,FSTL5,1,0.20767,0.0585,0.9875389755054692,False,True
Oligo,min10_cells,CPE,1,0.09721,-0.51242,0.8808190325842226,False,False
Oligo,min10_cells,TLL1,1,-0.07102,-0.5645,0.9143914736799617,False,True
Oligo,min10_cells,SPOCK3,24,0.16715,0.03946,0.9662367058395016,False,True
Oligo,min10_cells,HMGB2,1,0.13389,0.14098,0.9449368837978236,False,True
Oligo,min10_cells,SCRG1,1,-0.03907,0.07315,0.9822624620049124,False,False
Oligo,min10_cells,VEGFC,1,0.16797,-0.0955,0.9839181717050084,False,False
Oligo,min10_cells,SNX25,3,0.06786,-0.00822,0.9954756779110407,False,False
Oligo,min10_cells,KLKB1,1,-0.51691,0.08943,0.972843177579267,False,False
Oligo,min10_cells,EXOC3-AS1,2,-0.0207,0.48485,0.8292725897045264,False,False
Oligo,min10_cells,ADAMTS16,2,-0.10601,-0.68147,0.7185017570142568,False,True
Oligo,min10_cells,NSUN2,1,0.08547,-0.25045,0.8672800387484098,False,False
Oligo,min10_cells,PDZD2,1,0.09301,0.0108,0.9965428672327156,False,True
Oligo,min10_cells,ADAMTS12,2,-0.13884,-0.63277,0.8874057905584055,False,True
Oligo,min10_cells,C1QTNF3,2,0.08864,-0.10596,0.9300734420657918,False,False
Oligo,min10_cells,PRLR,28,-0.25336,0.27723,0.9613856868073354,False,False
Oligo,min10_cells,IL7R,2,0.04356,0.97905,0.8520101042502813,False,True
Oligo,min10_cells,GDNF,4,0.35119,1.08301,0.7027960055700517,False,True
Oligo,min10_cells,EGFLAM,25,-0.13551,-0.69521,0.904856429955448,False,True
Oligo,min10_cells,LIFR,11,0.16328,-0.13369,0.8962917065291774,False,False
Oligo,min10_cells,C6,2,0.19325,-0.45663,0.9356862512044576,False,False
Oligo,min10_cells,GHR,16,0.01404,0.01903,0.9953285793918912,False,True
Oligo,min10_cells,SELENOP,5,0.10967,0.38374,0.8235848056281357,False,True
Oligo,min10_cells,CCL28,3,0.20214,0.13823,0.972937844182088,False,True
Oligo,min10_cells,FGF10,1,0.08897,-0.11903,0.9864450869846328,False,False
Oligo,min10_cells,FST,4,-0.03966,0.36928,0.9568704017644444,False,False
Oligo,min10_cells,IL6ST,5,0.17731,-0.15217,0.8318282793967262,False,False
Oligo,min10_cells,ADAMTS6,2,0.17497,-0.17484,0.9523929174373276,False,False
Oligo,min10_cells,CARTPT,1,0.05589,-0.01591,0.9981025680649824,False,False
Oligo,min10_cells,CRHBP,2,-0.08337,-0.15183,0.9269195279242748,False,True
Oligo,min10_cells,AGGF1,1,-0.1005,-0.09129,0.9126582131163298,False,True
Oligo,min10_cells,ZBED3,1,-0.29621,0.02213,0.9883147688645856,False,False
Oligo,min10_cells,THBS4,2,0.35485,0.48061,0.8112688235892785,False,True
Oligo,min10_cells,VCAN,2,-0.14436,-0.28175,0.9269195279242748,False,True
Oligo,min10_cells,HAPLN1,5,-0.12719,-0.9848,0.7611813871271617,False,True
Oligo,min10_cells,EDIL3,2,0.14261,0.09878,0.8962917065291774,False,True
Oligo,min10_cells,ARSK,1,0.1572,0.13735,0.9196879153480506,False,True
Oligo,min10_cells,PCSK1,2,-0.33906,-0.02232,0.994519996570179,False,True
Oligo,min10_cells,ERAP1,2,0.14671,0.12056,0.9144538503679231,False,True
Oligo,min10_cells,ERAP2,3,-0.05404,0.40987,0.8424918566042563,False,False
Oligo,min10_cells,LNPEP,2,0.16574,0.05095,0.948695531210928,False,True
Oligo,min10_cells,ST8SIA4,2,-0.18494,-0.70662,0.868309399503223,False,True
Oligo,min10_cells,PAM,2,-0.14582,-0.45867,0.8562698123775497,False,True
Oligo,min10_cells,LOX,1,-0.14057,0.22275,0.9636423730878028,False,False
Oligo,min10_cells,FBN2,11,-0.04546,0.02471,0.9953285793918912,False,False
Oligo,min10_cells,ADAMTS19,2,0.01003,0.09156,0.9708917021707992,False,True
Oligo,min10_cells,GDF9,1,0.10129,-0.42463,0.9144768500244486,False,False
Oligo,min10_cells,LEAP2,1,-0.40892,-0.41587,0.8797129628545259,False,True
Oligo,min10_cells,FSTL4,1,-0.0939,-1.53817,0.5167370389611816,False,True
Oligo,min10_cells,CXCL14,1,-0.32288,-0.15115,0.958917615529371,False,True
Oligo,min10_cells,SPOCK1,66,-0.02285,0.36568,0.7075268181635395,False,False
Oligo,min10_cells,NRG2,33,0.04522,-0.22635,0.9122838122387976,False,False
Oligo,min10_cells,HBEGF,1,0.10105,-0.29956,0.8520101042502813,False,False
Oligo,min10_cells,CD14,2,-0.30819,1.2333,0.8235848056281357,False,False
Oligo,min10_cells,PCDHA1,1,0.38139,0.19133,0.9503372884695012,False,True
Oligo,min10_cells,PCDHA6,1,-0.20599,-0.74014,0.7424620512651465,False,True
Oligo,min10_cells,PCDHA10,1,0.0502,0.23529,0.9190852001990818,False,True
Oligo,min10_cells,PCDH12,2,-0.3062,0.93291,0.7551453158607428,False,False
Oligo,min10_cells,NDFIP1,2,0.03091,-0.07791,0.929846037254488,False,False
Oligo,min10_cells,FGF1,19,0.12875,0.08816,0.9190852001990818,False,True
Oligo,min10_cells,SPINK9,2,0.15226,-0.16329,0.94838924523625,False,False
Oligo,min10_cells,PCYOX1L,2,-0.00595,-0.33245,0.8317184120008648,False,True
Oligo,min10_cells,ARSI,13,-0.19718,-0.46331,0.661401628611754,False,True
Oligo,min10_cells,CD74,3,-0.19868,2.21335,0.0091720907865382,True,False
Oligo,min10_cells,GPX3,2,-0.17583,1.36558,0.7540430835029771,False,False
Oligo,min10_cells,SPARC,2,-0.26749,0.11699,0.9567797814785513,False,False
Oligo,min10_cells,TIMD4,5,0.05651,-0.18495,0.9711291488561894,False,False
Oligo,min10_cells,C1QTNF2,1,-0.11032,-0.11133,0.9764288906512568,False,True
Oligo,min10_cells,SLIT3,92,-0.16599,-1.12141,0.6781631852333454,False,True
Oligo,min10_cells,STC2,3,-0.30871,-0.96681,0.8359301273775573,False,True
Oligo,min10_cells,ADAMTS2,1,0.22898,0.92374,0.7412296313524072,False,True
Oligo,min10_cells,SERPINB1,1,-0.06589,0.39377,0.8585280029709116,False,False
Oligo,min10_cells,F13A1,1,-0.07655,-0.1271,0.9811966632758145,False,True
Oligo,min10_cells,LY86,2,-0.31085,0.45888,0.8915657341359929,False,False
Oligo,min10_cells,BMP6,2,0.03761,-0.78909,0.8960978387775081,False,False
Oligo,min10_cells,EDN1,3,0.09477,-0.17394,0.97129254457547,False,False
Oligo,min10_cells,GFOD1,24,-0.05497,-0.40939,0.7315160193735133,False,True
Oligo,min10_cells,KIAA0319,18,-0.42209,-0.72287,0.8215060257701924,False,True
Oligo,min10_cells,SCGN,1,-0.4006,1.49898,0.7790206329219386,False,False
Oligo,min10_cells,GABBR1,2,-0.00031,-0.15668,0.9304495291465904,False,True
Oligo,min10_cells,HLA-E,2,-0.13949,1.27726,0.4219610406612866,False,False
Oligo,min10_cells,DDR1,4,0.10949,0.37787,0.6620519136588617,False,True
Oligo,min10_cells,SFTA2,5,-0.31836,1.62226,0.6924448493470519,False,False
Oligo,min10_cells,HCG22,1,-0.19193,-0.45476,0.9362656278786242,False,True
Oligo,min10_cells,BAG6,1,0.22751,0.27113,0.7396954342025674,False,True
Oligo,min10_cells,APOM,1,0.22751,0.80791,0.5961045554247352,False,True
Oligo,min10_cells,LY6G5C,1,0.09944,0.21273,0.9600210772013308,False,True
Oligo,min10_cells,HSPA1A,1,0.38407,1.81744,0.214251169042343,False,True
Oligo,min10_cells,C2,8,0.19949,-0.04076,0.9789421706777952,False,False
Oligo,min10_cells,CFB,1,-0.12276,1.45942,0.7206406104646917,False,False
Oligo,min10_cells,TNXB,11,-0.23627,0.66259,0.7911487942643533,False,False
Oligo,min10_cells,EGFL8,1,0.33129,0.74704,0.4215710856347178,False,True
Oligo,min10_cells,COL11A2,3,-0.12078,-0.3759,0.8964770133879699,False,True
Oligo,min10_cells,CUTA,2,0.09666,0.39733,0.9072392631754675,False,True
Oligo,min10_cells,SCUBE3,1,-0.01515,0.09199,0.9613856868073354,False,False
Oligo,min10_cells,PI16,5,0.22566,0.42954,0.8340422390198058,False,True
Oligo,min10_cells,TREM2,3,-0.60021,2.362,0.2738960179800956,False,False
Oligo,min10_cells,PTK7,1,-0.29785,-0.32027,0.9356819299723736,False,True
Oligo,min10_cells,VEGFA,1,-0.09499,-0.6663,0.8777186102933955,False,True
Oligo,min10_cells,HSP90AB1,1,0.15108,0.06728,0.9723983047580184,False,True
Oligo,min10_cells,ENPP5,2,-0.18171,-0.15162,0.9349789736307202,False,True
Oligo,min10_cells,PLA2G7,2,0.08178,0.40547,0.9412564028434014,False,True
Oligo,min10_cells,COL21A1,15,-0.33594,-0.40071,0.8996036503592874,False,True
Oligo,min10_cells,EYS,16,0.0994,0.46424,0.7185017570142568,False,True
Oligo,min10_cells,COL19A1,3,-0.25963,-0.91582,0.7773338024330817,False,True
Oligo,min10_cells,COL9A1,5,-0.13458,-0.83772,0.7586235343224637,False,True
Oligo,min10_cells,COL12A1,5,-0.13604,0.4639,0.9356862512044576,False,False
Oligo,min10_cells,PRSS35,1,0.0334,-2.83842,0.5185210675625821,False,False
Oligo,min10_cells,CD164,2,0.17299,0.00053,0.9995807291531514,False,True
Oligo,min10_cells,METTL24,1,-0.38448,-0.13417,0.9367140869835614,False,True
Oligo,min10_cells,LAMA4,2,-0.38232,-0.07899,0.9774240992777716,False,True
Oligo,min10_cells,SMPDL3A,1,0.46783,0.1436,0.9356862512044576,False,True
Oligo,min10_cells,RSPO3,1,0.07285,-0.07637,0.98617277076202,False,False
Oligo,min10_cells,LAMA2,1,0.17044,-0.15513,0.9501748666004256,False,False
Oligo,min10_cells,ENPP3,2,0.21749,0.51149,0.868309399503223,False,True
Oligo,min10_cells,ENPP1,1,0.21166,0.66201,0.7450339347825194,False,True
Oligo,min10_cells,CCN2,1,0.28599,0.95671,0.8112688235892785,False,True
Oligo,min10_cells,FUCA2,1,0.10853,-0.06161,0.9734492838942614,False,False
Oligo,min10_cells,RAET1E,3,-0.25359,-0.12578,0.9812632347826082,False,True
Oligo,min10_cells,VIP,2,0.17344,-1.43033,0.4972386821633705,False,False
Oligo,min10_cells,FNDC1,1,-0.26296,-1.84421,0.6025477071109361,False,True
Oligo,min10_cells,RNASET2,1,-0.27683,0.8689,0.4561455732722384,False,False
Oligo,min10_cells,SMOC2,35,-0.47717,-0.57811,0.9198465813364282,False,True
Oligo,min10_cells,THBS2,2,0.24506,0.37226,0.7246899470458824,False,True
Oligo,min10_cells,C6orf120,2,-0.23966,-0.06496,0.9671700978359844,False,True
Oligo,min10_cells,FAM20C,1,0.08475,0.05737,0.9595939366998136,False,True
Oligo,min10_cells,PDGFA,2,0.22125,-0.09485,0.9362656278786242,False,False
Oligo,min10_cells,RBAKDN,1,-0.56485,0.15101,0.9826665862415238,False,False
Oligo,min10_cells,NXPH1,48,-0.08118,-0.43002,0.8964770133879699,False,True
Oligo,min10_cells,THSD7A,1,0.12245,-0.74247,0.8337280894789809,False,False
Oligo,min10_cells,VWDE,1,0.06693,-1.61737,0.8029736509660516,False,False
Oligo,min10_cells,SOSTDC1,14,0.02707,0.74037,0.8781028357584484,False,True
Oligo,min10_cells,CCDC126,1,0.15731,0.01405,0.9927046227496964,False,True
Oligo,min10_cells,NPY,3,0.12165,-0.83969,0.8732726315385382,False,False
Oligo,min10_cells,HNRNPA2B1,1,0.18224,0.11078,0.8874057905584055,False,True
Oligo,min10_cells,CRHR2,4,-0.18442,-1.19561,0.8374718670723827,False,True
Oligo,min10_cells,BMPER,1,-0.23815,0.28572,0.9064687967526672,False,False
Oligo,min10_cells,AOAH,2,-0.46346,-0.08794,0.94838924523625,False,True
Oligo,min10_cells,EPDR1,27,-0.27529,-0.10014,0.9362656278786242,False,True
Oligo,min10_cells,SFRP4,1,0.05316,-0.62985,0.8040633940796209,False,False
Oligo,min10_cells,INHBA,3,0.16174,0.06905,0.9924667498497394,False,True
Oligo,min10_cells,AEBP1,6,-0.2948,1.55388,0.7334443395744626,False,False
Oligo,min10_cells,PPIA,1,0.14822,-0.04231,0.9874679030563585,False,False
Oligo,min10_cells,IGFBP3,3,0.05553,0.92839,0.8315122765557416,False,True
Oligo,min10_cells,VWC2,1,-0.00658,-0.28385,0.9362656278786242,False,True
Oligo,min10_cells,ZPBP,1,-0.54943,0.18025,0.9613856868073354,False,False
Oligo,min10_cells,VSTM2A,2,-0.23731,-0.57718,0.9010058354382622,False,True
Oligo,min10_cells,EGFR,44,-0.25055,-0.5836,0.8099155341539798,False,True
Oligo,min10_cells,STX1A,4,-0.11566,-0.0019,0.9995132519445606,False,True
Oligo,min10_cells,ELN,1,0.1522,0.39435,0.8249299346007481,False,True
Oligo,min10_cells,SSC4D,2,-0.32288,-0.44861,0.9190852001990818,False,True
Oligo,min10_cells,ZP3,10,-0.23332,-0.16671,0.9541602156384515,False,True
Oligo,min10_cells,FGL2,2,-0.08042,0.303,0.921308890921271,False,False
Oligo,min10_cells,SEMA3C,2,0.12751,0.00072,0.999557244956837,False,True
Oligo,min10_cells,HGF,1,0.07567,0.13617,0.9727834082151092,False,True
Oligo,min10_cells,SEMA3E,1,0.14476,0.38505,0.9073856381732022,False,True
Oligo,min10_cells,SEMA3A,2,0.35627,-0.06128,0.9864450869846328,False,False
Oligo,min10_cells,SEMA3D,7,-0.03713,0.08667,0.9835390799445184,False,False
Oligo,min10_cells,COL1A2,1,-0.62561,0.08917,0.986577093512942,False,False
Oligo,min10_cells,PON1,1,-0.11339,0.39142,0.9356862512044576,False,False
Oligo,min10_cells,PON3,1,-0.32261,0.4999,0.9362656278786242,False,False
Oligo,min10_cells,PON2,1,0.12906,0.20841,0.7540430835029771,False,True
Oligo,min10_cells,TAC1,2,-0.42986,-0.53774,0.9083777059005664,False,True
Oligo,min10_cells,NPTX2,1,0.57129,0.77376,0.8373226038847789,False,True
Oligo,min10_cells,AZGP1,1,0.87078,2.6124,0.1157756242343049,False,True
Oligo,min10_cells,CNPY4,1,0.11866,0.00708,0.9981025680649824,False,True
Oligo,min10_cells,GPC2,2,-0.03665,-0.04764,0.988115067122558,False,True
Oligo,min10_cells,PILRA,2,0.01206,0.28702,0.8477060992065596,False,True
Oligo,min10_cells,ACHE,1,-0.02321,0.55002,0.9362656278786242,False,False
Oligo,min10_cells,SERPINE1,1,-0.01683,1.04324,0.8732726315385382,False,False
Oligo,min10_cells,VGF,3,-0.1079,0.31768,0.9408722850433924,False,False
Oligo,min10_cells,PLOD3,1,0.19371,0.46189,0.7396954342025674,False,True
Oligo,min10_cells,COL26A1,1,-0.21561,-1.14684,0.5020313314773658,False,True
Oligo,min10_cells,LRRC17,2,-0.12695,-0.0019,0.9987715464506184,False,True
Oligo,min10_cells,RELN,1,-0.04248,0.72765,0.7773338024330817,False,False
Oligo,min10_cells,NAMPT,1,0.20353,0.03881,0.965143459411294,False,True
Oligo,min10_cells,LAMB1,1,-0.18424,-0.17546,0.9392235698495188,False,True
Oligo,min10_cells,NRCAM,51,-0.2741,-0.49928,0.8486317870924784,False,True
Oligo,min10_cells,MDFIC,1,-0.63843,0.16711,0.9692675178607644,False,False
Oligo,min10_cells,MET,9,0.31908,0.42757,0.8968865972867047,False,True
Oligo,min10_cells,WNT2,1,-0.24039,-0.69639,0.912201952992642,False,True
Oligo,min10_cells,FAM3C,2,0.12332,0.00371,0.9974828289232344,False,True
Oligo,min10_cells,PTPRZ1,1,-0.17197,-0.69444,0.7878536332391539,False,True
Oligo,min10_cells,HILPDA,2,0.05466,0.14127,0.9591591875686124,False,True
Oligo,min10_cells,CALU,1,0.07476,-0.06558,0.9362656278786242,False,False
Oligo,min10_cells,KCP,2,-0.34411,0.88131,0.8328025567674077,False,False
Oligo,min10_cells,CPA4,1,0.25693,-0.28434,0.948503194370673,False,False
Oligo,min10_cells,PTN,1,-0.15878,-0.30971,0.8299872207753898,False,True
Oligo,min10_cells,EPHB6,1,-0.04395,-0.14612,0.9692675178607644,False,True
Oligo,min10_cells,LLCFC1,1,-0.03557,-0.91074,0.8506813841715811,False,True
Oligo,min10_cells,PIP,1,0.00267,0.1034,0.9692675178607644,False,True
Oligo,min10_cells,RARRES2,1,-0.15871,1.97772,0.2644775683241188,False,False
Oligo,min10_cells,ANGPT2,1,-0.32414,0.22682,0.9224788355642152,False,False
Oligo,min10_cells,PRSS51,5,-0.40902,-0.01825,0.99677649268899,False,True
Oligo,min10_cells,CTSB,1,0.08799,-0.00052,0.9997551818867684,False,False
Oligo,min10_cells,FGF20,1,-0.29927,-0.02044,0.9974828289232344,False,True
Oligo,min10_cells,PDGFRL,2,-0.01203,-0.04056,0.9825065042755626,False,True
Oligo,min10_cells,ASAH1,2,0.04451,0.14288,0.8732726315385382,False,True
Oligo,min10_cells,LPL,1,0.07737,0.41888,0.9144768500244486,False,True
Oligo,min10_cells,LGI3,2,0.33458,0.25161,0.7342685757716966,False,True
Oligo,min10_cells,SFTPC,1,0.03474,0.49162,0.744156241219927,False,True
Oligo,min10_cells,BMP1,1,0.29758,0.45141,0.6943888902889872,False,True
Oligo,min10_cells,PEBP4,1,0.46348,0.30524,0.9419025361159892,False,True
Oligo,min10_cells,LOXL2,1,0.15829,0.08563,0.9662367058395016,False,True
Oligo,min10_cells,ADAM28,2,-0.35284,0.11322,0.9723983047580184,False,False
Oligo,min10_cells,CLU,2,0.21559,0.13548,0.9662367058395016,False,True
Oligo,min10_cells,NRG1,89,-0.18428,-1.69174,0.136736750057055,False,True
Oligo,min10_cells,ADAM9,1,0.20891,-0.14751,0.9017630974162028,False,False
Oligo,min10_cells,SFRP1,1,0.11653,1.4675,0.2506515781547042,False,True
Oligo,min10_cells,PLAT,3,0.0115,-0.21536,0.94838924523625,False,False
Oligo,min10_cells,PXDNL,2,-0.00042,0.12356,0.92831292574366,False,False
Oligo,min10_cells,PENK,3,-0.72492,-0.1025,0.988782323958001,False,True
Oligo,min10_cells,SDCBP,2,0.09597,-0.00985,0.996538244331998,False,False
Oligo,min10_cells,GGH,1,-0.01523,0.90989,0.6631082386208842,False,False
Oligo,min10_cells,CRH,2,-0.60277,-0.43318,0.9408615709391068,False,True
Oligo,min10_cells,CPA6,3,0.34107,-1.03888,0.7333623234754549,False,False
Oligo,min10_cells,SULF1,6,-0.27768,-0.40636,0.929846037254488,False,True
Oligo,min10_cells,SBSPON,1,-0.24355,-0.22308,0.9541185376344388,False,True
Oligo,min10_cells,LY96,1,-0.04427,0.70253,0.8235848056281357,False,False
Oligo,min10_cells,PI15,1,0.06704,-1.17169,0.2827531534513879,False,False
Oligo,min10_cells,CRISPLD1,2,-0.30756,-0.27817,0.946659144870812,False,True
Oligo,min10_cells,IL7,2,-0.18368,0.33866,0.7911487942643533,False,False
Oligo,min10_cells,FABP5,1,0.01142,0.57741,0.7396954342025674,False,True
Oligo,min10_cells,MMP16,1,0.08663,-0.75538,0.8083758689116073,False,False
Oligo,min10_cells,CPQ,1,0.35894,0.31327,0.7080682598806577,False,True
Oligo,min10_cells,MATN2,6,0.27487,0.29952,0.7948067302013576,False,True
Oligo,min10_cells,CTHRC1,2,-0.2109,0.03938,0.9927433659115152,False,False
Oligo,min10_cells,RSPO2,2,-0.12655,0.24419,0.9300216095972762,False,False
Oligo,min10_cells,TNFRSF11B,1,-0.04553,0.7387,0.9068834936195328,False,False
Oligo,min10_cells,CCN3,1,-0.17973,0.17151,0.9692675178607644,False,False
Oligo,min10_cells,ENPP2,21,0.00839,-0.12728,0.8796104953184828,False,False
Oligo,min10_cells,COL14A1,14,-0.1647,0.09421,0.9613856868073354,False,False
Oligo,min10_cells,TG,31,-0.06935,-1.31993,0.7540430835029771,False,True
Oligo,min10_cells,ST3GAL1,1,0.25615,0.61276,0.8270133841478564,False,True
Oligo,min10_cells,COL22A1,8,0.21301,-0.79372,0.8328025567674077,False,False
Oligo,min10_cells,ADGRB1,9,0.17961,-0.74748,0.8299872207753898,False,False
Oligo,min10_cells,THEM6,1,0.05201,0.24517,0.9188908946981608,False,True
Oligo,min10_cells,GSDMD,2,-0.50943,0.01066,0.9981518664611336,False,False
Oligo,min10_cells,INSL6,1,-0.21994,0.54197,0.8915657341359929,False,False
Oligo,min10_cells,RLN1,1,-0.16622,-0.56362,0.9144768500244486,False,True
Oligo,min10_cells,CD274,2,0.15835,0.93266,0.8670400464202321,False,True
Oligo,min10_cells,PDCD1LG2,4,-0.41502,0.39176,0.8750268551951406,False,False
Oligo,min10_cells,IL33,9,0.42028,-0.0173,0.9979809377905966,False,False
Oligo,min10_cells,FREM1,16,-0.35434,-0.61313,0.8288659904982408,False,True
Oligo,min10_cells,ADAMTSL1,46,-0.08976,-0.75347,0.8521105793340067,False,True
Oligo,min10_cells,IFNA2,1,0.13412,-0.61669,0.8521105793340067,False,False
Oligo,min10_cells,TEK,1,-0.42066,-0.10028,0.959184659919514,False,True
Oligo,min10_cells,C9orf72,1,0.13835,-0.10261,0.9061412903479362,False,False
Oligo,min10_cells,B4GALT1,1,0.10116,-0.36867,0.8970816616774369,False,False
Oligo,min10_cells,PRSS3,12,-0.75465,0.51537,0.8987831620341941,False,False
Oligo,min10_cells,ENHO,1,0.12176,-0.26153,0.9508206637708227,False,False
Oligo,min10_cells,IL11RA,2,0.15437,0.10249,0.9644899655636816,False,True
Oligo,min10_cells,IGFBPL1,1,-0.29258,-1.15295,0.7911487942643533,False,True
Oligo,min10_cells,MAMDC2,1,0.02349,0.30512,0.9085613796149006,False,True
Oligo,min10_cells,ANXA1,5,-0.18758,1.922,0.3040589962849651,False,False
Oligo,min10_cells,PCSK5,1,0.23788,-0.26868,0.9073856381732022,False,False
Oligo,min10_cells,CTSL,1,0.16027,0.57002,0.7675377774025783,False,True
Oligo,min10_cells,OGN,1,0.19227,0.90069,0.7347022146412764,False,True
Oligo,min10_cells,ASPN,2,-0.61113,0.89982,0.6873898512779977,False,False
Oligo,min10_cells,ECM2,4,-0.02255,1.28848,0.0874716061536529,True,False
Oligo,min10_cells,NINJ1,3,0.22986,0.56965,0.7878536332391539,False,True
Oligo,min10_cells,COL15A1,1,-0.02602,-0.59457,0.9174746229758064,False,True
Oligo,min10_cells,TXN,1,0.05719,0.34065,0.8850246024779264,False,True
Oligo,min10_cells,SVEP1,1,-0.11856,-0.48783,0.7911487942643533,False,True
Oligo,min10_cells,COL27A1,2,-0.01338,0.85814,0.8299872207753898,False,False
Oligo,min10_cells,TNC,6,0.03397,0.47492,0.9136197279845528,False,True
Oligo,min10_cells,PAPPA,2,-0.09074,0.05163,0.9875389755054692,False,False
Oligo,min10_cells,GSN,31,0.18626,0.00375,0.9974828289232344,False,True
Oligo,min10_cells,CRB2,5,0.34795,0.34725,0.8288659904982408,False,True
Oligo,min10_cells,OLFML2A,9,-0.40277,-0.78396,0.8892277890589085,False,True
Oligo,min10_cells,ANGPTL2,1,0.2624,-0.31725,0.6578926374933444,False,False
Oligo,min10_cells,TOR2A,1,-0.03248,-0.0119,0.9974828289232344,False,True
Oligo,min10_cells,HMCN2,9,-0.52948,-0.64078,0.9136197279845528,False,True
Oligo,min10_cells,LAMC3,1,-0.22771,0.16766,0.9524256009468204,False,False
Oligo,min10_cells,CEL,3,-0.50915,0.23739,0.9419025361159892,False,False
Oligo,min10_cells,ADAMTS13,5,-0.33432,-0.10332,0.9434593301423742,False,True
Oligo,min10_cells,ADAMTSL2,2,-0.17971,-0.22036,0.9356862512044576,False,True
Oligo,min10_cells,COL5A1,1,-0.29822,0.52657,0.9190852001990818,False,False
Oligo,min10_cells,OLFM1,4,-0.26969,-0.09139,0.9811966632758145,False,True
Oligo,min10_cells,LCN1,1,-0.26013,0.28332,0.9568704017644444,False,False
Oligo,min10_cells,QSOX2,2,-0.1013,-0.08188,0.9530487718993484,False,True
Oligo,min10_cells,EGFL7,2,-0.38551,-0.24977,0.94838924523625,False,True
Oligo,min10_cells,LCN15,1,-0.33155,-0.13962,0.9842742596545272,False,True
Oligo,min10_cells,LCN12,2,0.03295,-1.40308,0.8180470197942816,False,False
Oligo,min10_cells,PTGDS,2,0.13619,0.44629,0.8521105793340067,False,True
Oligo,min10_cells,DPP7,2,0.07382,0.48246,0.7874808437985996,False,True
Oligo,min10_cells,ITIH5,9,-0.14058,0.70658,0.8521105793340067,False,False
Oligo,min10_cells,CCDC3,19,0.10738,0.19911,0.8270133841478564,False,True
Oligo,min10_cells,CDNF,2,0.16697,0.12098,0.9532441275597208,False,True
Oligo,min10_cells,C1QL3,1,-0.24001,-0.03875,0.9932310345898904,False,True
Oligo,min10_cells,NRP1,1,0.31259,-0.90582,0.8369448937253039,False,False
Oligo,min10_cells,CXCL12,2,0.46961,0.76347,0.8651369052175615,False,True
Oligo,min10_cells,GDF10,2,-0.01324,-0.86093,0.9144768500244486,False,True
Oligo,min10_cells,RBP3,2,0.11533,-0.44407,0.9447431932907222,False,False
Oligo,min10_cells,VSTM4,2,-0.06799,-0.77041,0.041442030964904,True,True
Oligo,min10_cells,ASAH2,2,-0.04085,0.18788,0.9629722115818914,False,False
Oligo,min10_cells,PCDH15,3,0.01886,-0.91858,0.7682093421219203,False,False
Oligo,min10_cells,SRGN,3,-0.35145,1.46798,0.6448944996912367,False,False
Oligo,min10_cells,NODAL,1,-0.29929,1.0231,0.8167132815029877,False,False
Oligo,min10_cells,ADAMTS14,3,0.57979,0.63886,0.5185210675625821,False,True
Oligo,min10_cells,PSAP,2,0.27812,0.21739,0.868399131390071,False,True
Oligo,min10_cells,SPOCK2,2,-0.19481,0.05015,0.988115067122558,False,False
Oligo,min10_cells,SFTPD,1,-0.03113,0.61225,0.91746253854222,False,False
Oligo,min10_cells,PLAC9,3,-0.32422,0.44773,0.9128363030949688,False,False
Oligo,min10_cells,PRXL2A,6,-0.05555,-0.03134,0.9911365560354184,False,True
Oligo,min10_cells,NRG3,169,-0.24113,-1.1824,0.7011467680607044,False,True
Oligo,min10_cells,MMRN2,2,-0.2747,0.41716,0.9362656278786242,False,False
Oligo,min10_cells,MINPP1,2,-0.10888,-0.04375,0.9851630673907772,False,True
Oligo,min10_cells,PTEN,1,0.16946,-0.0812,0.9242761489668088,False,False
Oligo,min10_cells,RNLS,1,-0.10658,0.10643,0.9392235698495188,False,False
Oligo,min10_cells,FAS,1,-0.2355,-0.1823,0.9697173347977018,False,True
Oligo,min10_cells,FGFBP3,1,0.06163,0.98842,0.6924448493470519,False,True
Oligo,min10_cells,IDE,10,-0.13131,-0.12666,0.8310826238674544,False,True
Oligo,min10_cells,RBP4,2,-0.28698,0.21347,0.9613856868073354,False,False
Oligo,min10_cells,LGI1,2,-0.10901,-0.62865,0.8652130844533175,False,True
Oligo,min10_cells,TLL2,1,0.11743,-0.33024,0.8270133841478564,False,False
Oligo,min10_cells,SLIT1,2,-0.36933,-0.52964,0.8684169387123155,False,True
Oligo,min10_cells,CRTAC1,3,0.04785,-0.18376,0.9392235698495188,False,False
Oligo,min10_cells,LOXL4,2,0.08097,0.34681,0.9356862512044576,False,True
Oligo,min10_cells,HPSE2,35,-0.06059,-0.16992,0.9591591875686124,False,True
Oligo,min10_cells,WNT8B,1,-0.10558,-0.35134,0.94838924523625,False,True
Oligo,min10_cells,CASP7,7,0.19691,-0.15786,0.9440255406488564,False,False
Oligo,min10_cells,FGFR2,18,0.14675,-0.174,0.6747603372294646,False,False
Oligo,min10_cells,HTRA1,3,0.0294,0.08685,0.948977074152765,False,True
Oligo,min10_cells,DMBT1,1,-0.48952,-0.22192,0.9356862512044576,False,True
Oligo,min10_cells,FAM24B,1,-0.17324,-0.29503,0.8641563323234774,False,True
Oligo,min10_cells,CPXM2,2,0.09474,-0.4215,0.8633478394091193,False,False
Oligo,min10_cells,MMP21,2,-0.00021,0.57171,0.7611813871271617,False,False
Oligo,min10_cells,ADAM12,2,0.20481,-0.10696,0.940160797550192,False,False
Oligo,min10_cells,DEAF1,2,0.32884,0.1712,0.9136197279845528,False,True
Oligo,min10_cells,GATD1,1,-0.03224,-0.07984,0.9613329588760752,False,True
Oligo,min10_cells,CHID1,3,-0.16449,0.27494,0.8672800387484098,False,False
Oligo,min10_cells,CTSD,1,0.0213,0.85521,0.3078184093525977,False,True
Oligo,min10_cells,MMP26,3,-0.1281,-0.57077,0.9062883996738018,False,True
Oligo,min10_cells,SMPD1,1,0.31003,0.21544,0.8987831620341941,False,True
Oligo,min10_cells,HPX,2,-0.18984,-0.08396,0.989124155147332,False,True
Oligo,min10_cells,OLFML1,3,0.22881,0.34384,0.9249694691256414,False,True
Oligo,min10_cells,TUB,22,-0.0557,-0.19652,0.9578468939013371,False,True
Oligo,min10_cells,SCUBE2,1,-0.34677,0.24088,0.8521105793340067,False,False
Oligo,min10_cells,MTRNR2L8,1,-0.20816,-0.56275,0.921636175446116,False,True
Oligo,min10_cells,DKK3,2,-0.41506,0.36803,0.8987831620341941,False,False
Oligo,min10_cells,SPON1,1,0.02117,-1.31149,0.583668773051218,False,False
Oligo,min10_cells,CALCB,6,-0.02089,-0.92618,0.8521105793340067,False,True
Oligo,min10_cells,NUCB2,1,0.13733,-0.16596,0.8756600525294806,False,False
Oligo,min10_cells,NELL1,2,-0.43075,-0.92393,0.7342685757716966,False,True
Oligo,min10_cells,LUZP2,27,0.21012,0.22594,0.94838924523625,False,True
Oligo,min10_cells,FIBIN,3,-0.00242,0.1397,0.9724047991648408,False,False
Oligo,min10_cells,BDNF,15,-0.11449,0.0229,0.994635484492071,False,False
Oligo,min10_cells,CD59,5,-0.01879,0.36589,0.8521105793340067,False,False
Oligo,min10_cells,CD44,13,0.21022,0.57706,0.8624439208053689,False,True
Oligo,min10_cells,PAMR1,12,-0.21727,-0.05603,0.9864562139367992,False,True
Oligo,min10_cells,FJX1,2,0.10709,0.22792,0.9585276098906348,False,True
Oligo,min10_cells,EXT2,2,-0.02709,-0.0686,0.9403338631058912,False,True
Oligo,min10_cells,MDK,1,-0.15664,1.21464,0.6180621799731767,False,False
Oligo,min10_cells,F2,1,-0.39967,-0.20543,0.9666181920913856,False,True
Oligo,min10_cells,C1QTNF4,3,-0.08927,-0.00747,0.9981518664611336,False,True
Oligo,min10_cells,PTPRJ,1,-0.07841,-0.00321,0.9981025680649824,False,True
Oligo,min10_cells,SERPING1,1,-0.24647,1.54395,0.534859454275969,False,False
Oligo,min10_cells,MS4A13,1,0.10653,0.02418,0.9974828289232344,False,True
Oligo,min10_cells,VWCE,6,-0.14463,0.65718,0.7889594486561623,False,False
Oligo,min10_cells,FLRT1,2,-0.1573,0.01744,0.994635484492071,False,False
Oligo,min10_cells,VEGFB,2,0.27888,0.62789,0.7062628082522836,False,True
Oligo,min10_cells,LTBP3,4,0.25861,0.50598,0.1296956832804094,False,True
Oligo,min10_cells,EFEMP2,1,0.01872,-0.09841,0.972937844182088,False,False
Oligo,min10_cells,DEFB131B,1,0.08488,0.41302,0.8823697653192801,False,True
Oligo,min10_cells,IL18BP,2,-0.02947,0.3676,0.9161431216758892,False,False
Oligo,min10_cells,FOLR2,2,-0.31562,1.6844,0.7396954342025674,False,False
Oligo,min10_cells,CHRDL2,1,-0.19881,-0.912,0.8792637895446245,False,True
Oligo,min10_cells,WNT11,2,0.00296,-0.80781,0.8970816616774369,False,False
Oligo,min10_cells,PRSS23,1,-0.65355,-0.11193,0.9662367058395016,False,True
Oligo,min10_cells,ENDOD1,1,0.07025,0.19941,0.8153993825304034,False,True
Oligo,min10_cells,ANGPTL5,1,0.07813,-0.27026,0.9541185376344388,False,False
Oligo,min10_cells,PDGFD,1,0.11757,0.02443,0.996343398520674,False,True
Oligo,min10_cells,CASP4,3,-0.07045,1.62352,0.7143373796489405,False,False
Oligo,min10_cells,CRYAB,5,0.22035,0.33459,0.894035795882966,False,True
Oligo,min10_cells,IL18,1,-0.16517,0.59902,0.8299872207753898,False,False
Oligo,min10_cells,NCAM1,1,0.12053,0.11776,0.8521105793340067,False,True
Oligo,min10_cells,APOA1,1,-0.22422,-0.27967,0.9623258486315684,False,True
Oligo,min10_cells,TMEM25,1,-0.16739,0.13661,0.94838924523625,False,False
Oligo,min10_cells,NECTIN1,2,0.11604,0.09379,0.9362656278786242,False,True
Oligo,min10_cells,OAF,1,0.1335,0.356,0.868399131390071,False,True
Oligo,min10_cells,TECTA,3,-0.25677,-0.42812,0.7377914043150055,False,True
Oligo,min10_cells,SORL1,45,0.03532,0.12392,0.94838924523625,False,True
Oligo,min10_cells,ST3GAL4,15,0.08041,-0.33894,0.7611813871271617,False,False
Oligo,min10_cells,KIRREL3,1,0.01844,0.04561,0.9727027125737252,False,True
Oligo,min10_cells,ADAMTS8,2,0.09323,0.55911,0.8070882055318788,False,True
Oligo,min10_cells,JAM3,1,0.05681,-0.18381,0.8299872207753898,False,False
Oligo,min10_cells,GLB1L2,1,0.08473,-0.53116,0.7611813871271617,False,False
Oligo,min10_cells,B3GAT1,9,0.16325,0.15195,0.853631836092563,False,True
Oligo,min10_cells,WNT5B,17,-0.0172,-0.04067,0.9851630673907772,False,True
Oligo,min10_cells,TULP3,1,0.12656,0.1915,0.8689406844605668,False,True
Oligo,min10_cells,NTF3,21,-0.02712,-0.53417,0.9269195279242748,False,True
Oligo,min10_cells,VWF,2,-0.23534,0.07659,0.9723983047580184,False,False
Oligo,min10_cells,CD9,11,0.07782,0.33397,0.8418573998156417,False,True
Oligo,min10_cells,TNFRSF1A,2,-0.36301,-0.05247,0.9896049139301928,False,True
Oligo,min10_cells,ACRBP,1,-0.21783,0.22222,0.9613856868073354,False,False
Oligo,min10_cells,C1S,15,-0.01601,0.45649,0.2457920754170889,False,False
Oligo,min10_cells,C1R,2,-0.14425,1.76422,0.4446824139589516,False,False
Oligo,min10_cells,C1RL,1,-0.48079,0.3685,0.9403338631058912,False,False
Oligo,min10_cells,CD163L1,1,-0.51291,-1.09001,0.6516545636841435,False,True
Oligo,min10_cells,CD163,1,0.33795,2.49719,0.7062628082522836,False,True
Oligo,min10_cells,MFAP5,2,-0.10498,0.01656,0.9979809377905966,False,False
Oligo,min10_cells,A2ML1,6,-0.22216,0.01724,0.9965428672327156,False,False
Oligo,min10_cells,A2M,3,0.32271,0.37418,0.8493128794500994,False,True
Oligo,min10_cells,OLR1,3,0.3367,0.90069,0.8070961390632729,False,True
Oligo,min10_cells,PRR4,1,0.11292,-0.32305,0.9414225576139192,False,False
Oligo,min10_cells,PRH2,1,-0.02193,0.4546,0.853631836092563,False,False
Oligo,min10_cells,PRB1,2,-0.24829,0.23188,0.9486073294993564,False,False
Oligo,min10_cells,PRB2,1,-0.32,-0.1745,0.9498063539531416,False,True
Oligo,min10_cells,ART4,2,0.02092,-0.32508,0.93418819873233,False,False
Oligo,min10_cells,MGP,4,-0.07646,2.77831,0.2145710857594824,False,False
Oligo,min10_cells,IAPP,3,-0.19113,0.04208,0.99529358891202,False,False
Oligo,min10_cells,SPX,2,0.14122,0.00312,0.998965256258216,False,True
Oligo,min10_cells,PTHLH,1,-0.02792,-1.7542,0.6278961537903979,False,True
Oligo,min10_cells,OVCH1,1,0.12693,0.23814,0.9412564028434014,False,True
Oligo,min10_cells,ADAMTS20,2,-0.23097,-0.26965,0.959184659919514,False,True
Oligo,min10_cells,NELL2,3,-0.0399,-0.87683,0.7948067302013576,False,True
Oligo,min10_cells,ENDOU,2,-0.16605,-0.29897,0.9356819299723736,False,True
Oligo,min10_cells,WNT10B,2,-0.81034,-0.15991,0.9798931639050764,False,True
Oligo,min10_cells,IGFBP6,1,-0.48975,-0.41804,0.9322264870162136,False,True
Oligo,min10_cells,NPFF,1,-0.25551,0.43053,0.8719250937207794,False,False
Oligo,min10_cells,CD63,1,0.20671,0.51054,0.8330063061480015,False,True
Oligo,min10_cells,GDF11,2,0.15032,0.16259,0.936477385401717,False,True
Oligo,min10_cells,MMP19,1,-0.2056,0.76047,0.8328025567674077,False,False
Oligo,min10_cells,PMEL,1,0.03121,0.14416,0.9826665862415238,False,True
Oligo,min10_cells,ERBB3,3,0.04681,0.12569,0.8818392879245764,False,True
Oligo,min10_cells,IL23A,2,-0.61999,-0.75626,0.8962917065291774,False,True
Oligo,min10_cells,TAC3,6,-0.0727,-0.71431,0.8793933965170457,False,True
Oligo,min10_cells,WIF1,1,-0.05378,-0.63508,0.91130988494707,False,True
Oligo,min10_cells,IL26,1,-0.33459,0.47588,0.8955318046250319,False,False
Oligo,min10_cells,LYZ,1,-0.02045,0.92628,0.8897469645010775,False,False
Oligo,min10_cells,PTPRR,20,0.06679,-1.4225,0.0369284251247287,True,False
Oligo,min10_cells,GLIPR1L1,5,-0.22127,0.31836,0.8651369052175615,False,False
Oligo,min10_cells,OTOGL,15,-0.07239,-0.75163,0.8506813841715811,False,True
Oligo,min10_cells,NTS,2,-0.09217,0.30735,0.94838924523625,False,False
Oligo,min10_cells,KITLG,1,-0.30603,-1.09073,0.7700398517031455,False,True
Oligo,min10_cells,DCN,2,-0.0665,0.77952,0.7611813871271617,False,False
Oligo,min10_cells,NTN4,1,-0.20583,-0.00033,0.9999046758842842,False,True
Oligo,min10_cells,IGF1,2,0.03914,0.43777,0.9064687967526672,False,True
Oligo,min10_cells,DAO,4,0.0422,-0.36576,0.9523929174373276,False,False
Oligo,min10_cells,TCTN1,1,0.34096,-0.29235,0.6590273221339865,False,False
Oligo,min10_cells,GLT1D1,3,-0.28162,-0.1161,0.9686993754024236,False,True
Oligo,min10_cells,MMP17,5,0.10784,-1.04447,0.4416990238462333,False,False
Oligo,min10_cells,IL17D,1,-0.13418,-0.12811,0.9403338631058912,False,True
Oligo,min10_cells,FGF9,1,0.09992,-0.09548,0.9837310464981948,False,False
Oligo,min10_cells,C1QTNF9B,3,-0.18303,-1.06272,0.8364455368688887,False,True
Oligo,min10_cells,C1QTNF9,2,-0.60888,0.49667,0.90828170944899,False,False
Oligo,min10_cells,FLT1,35,-0.09645,0.29135,0.945078335277419,False,False
Oligo,min10_cells,HMGB1,21,0.28494,0.12277,0.8506813841715811,False,True
Oligo,min10_cells,KL,2,-0.40435,-0.46128,0.9143914736799617,False,True
Oligo,min10_cells,NHLRC3,1,0.14222,0.0279,0.9822388862372422,False,True
Oligo,min10_cells,ENOX1,2,0.15457,0.27863,0.7436057086433915,False,True
Oligo,min10_cells,ITM2B,3,0.12781,0.1587,0.9253460123491896,False,True
Oligo,min10_cells,SERPINE3,3,0.03227,-0.22097,0.8968865972867047,False,False
Oligo,min10_cells,THSD1,4,0.01514,0.01805,0.99412864687682,False,True
Oligo,min10_cells,CNMD,2,0.09909,0.2288,0.9102551141103236,False,True
Oligo,min10_cells,PIBF1,1,0.00786,-0.08142,0.9362656278786242,False,False
Oligo,min10_cells,CLN5,1,0.17328,0.06374,0.9505726226824328,False,True
Oligo,min10_cells,SLITRK1,3,-0.0227,-0.28403,0.6943888902889872,False,True
Oligo,min10_cells,GPC5,35,-0.07571,0.87395,0.6781631852333454,False,False
Oligo,min10_cells,GPC6,89,-0.00345,0.12669,0.94838924523625,False,False
Oligo,min10_cells,ITGBL1,4,-0.27825,0.60931,0.7060459664318759,False,False
Oligo,min10_cells,TNFSF13B,3,0.07225,-0.09325,0.940296535739256,False,False
Oligo,min10_cells,COL4A1,1,0.24418,-1.15789,0.7185017570142568,False,False
Oligo,min10_cells,COL4A2,1,0.24418,-0.90104,0.7491562899507276,False,False
Oligo,min10_cells,F10,3,-0.35835,0.08718,0.9842742596545272,False,False
Oligo,min10_cells,GAS6,2,-0.18629,0.15288,0.9511381369830706,False,False
Oligo,min10_cells,ANG,2,0.1673,0.84382,0.8934325178597301,False,True
Oligo,min10_cells,RNASE4,2,0.1673,1.3531,0.5282237838980894,False,True
Oligo,min10_cells,RNASE6,2,-0.10427,1.15003,0.8299872207753898,False,False
Oligo,min10_cells,RNASE1,3,0.29972,0.4853,0.8589474203292007,False,True
Oligo,min10_cells,C14orf93,1,0.25613,0.31011,0.8299872207753898,False,True
Oligo,min10_cells,DHRS4L2,9,-0.07729,-0.29136,0.8964770133879699,False,True
Oligo,min10_cells,COCH,1,-0.20113,0.35868,0.9249694691256414,False,False
Oligo,min10_cells,FAM177A1,2,0.09867,0.10275,0.9100978233927064,False,True
Oligo,min10_cells,TMX1,1,0.28066,0.28877,0.7250151407338771,False,True
Oligo,min10_cells,NID2,1,-0.26403,-0.73284,0.6578926374933444,False,True
Oligo,min10_cells,TXNDC16,1,0.16163,-0.01738,0.9843923394355404,False,False
Oligo,min10_cells,ERO1A,1,0.20475,-0.30815,0.7143373796489405,False,False
Oligo,min10_cells,LGALS3,1,0.01081,1.33732,0.3033085228117079,False,True
Oligo,min10_cells,SMOC1,3,-0.14378,-0.71932,0.5961729255552192,False,True
Oligo,min10_cells,PAPLN,5,-0.05926,0.95246,0.8153993825304034,False,False
Oligo,min10_cells,ENTPD5,1,-0.06137,0.11229,0.9254204037572902,False,False
Oligo,min10_cells,NPC2,1,0.14212,0.71708,0.50827139118012,False,True
Oligo,min10_cells,LTBP2,1,-0.00164,0.45493,0.8955318046250319,False,False
Oligo,min10_cells,PGF,3,-0.21883,0.28471,0.95189779932639,False,False
Oligo,min10_cells,TGFB3,3,0.23051,0.30097,0.9132703834585864,False,True
Oligo,min10_cells,VASH1,6,0.04679,-0.17539,0.8920043272417166,False,False
Oligo,min10_cells,ISM2,1,-0.50066,0.71253,0.9143914736799617,False,False
Oligo,min10_cells,FLRT2,4,0.20598,-0.99721,0.6289166051092747,False,False
Oligo,min10_cells,FBLN5,2,-0.5948,-0.01542,0.9965428672327156,False,True
Oligo,min10_cells,CHGA,2,0.07579,-0.28301,0.9568704017644444,False,False
Oligo,min10_cells,SERPINA1,2,-0.30749,2.22814,0.690308388641286,False,False
Oligo,min10_cells,SERPINA5,5,-0.13805,-0.28297,0.959184659919514,False,True
Oligo,min10_cells,SERPINA3,1,-0.13335,3.62256,0.1510782498122283,False,False
Oligo,min10_cells,HHIPL1,2,-0.46893,-0.27526,0.8956522913019466,False,True
Oligo,min10_cells,WDR25,3,0.16406,0.00504,0.99677649268899,False,True
Oligo,min10_cells,AMN,1,-0.70249,-0.23372,0.9446707905067074,False,True
Oligo,min10_cells,SCG5,2,-0.15432,-0.12913,0.9174746229758064,False,True
Oligo,min10_cells,GREM1,1,0.17405,0.52955,0.8299872207753898,False,True
Oligo,min10_cells,THBS1,2,-0.07623,-0.3249,0.948503194370673,False,True
Oligo,min10_cells,B2M,2,0.2525,0.99336,0.5249816744626354,False,True
Oligo,min10_cells,SORD,6,-0.06136,0.18796,0.9109316597720758,False,False
Oligo,min10_cells,FBN1,1,0.19696,-0.01362,0.988115067122558,False,False
Oligo,min10_cells,FGF7,2,0.22818,-0.05587,0.9751041162889158,False,False
Oligo,min10_cells,GLDN,8,0.18255,-0.20649,0.8784056675957087,False,False
Oligo,min10_cells,SCG3,1,-0.33234,0.01174,0.9965428672327156,False,False
Oligo,min10_cells,LIPC,6,-0.4313,0.76855,0.8475492523753629,False,False
Oligo,min10_cells,ANXA2,1,-0.3043,1.92615,0.2404701506568663,False,False
Oligo,min10_cells,PPIB,1,0.11182,0.56176,0.7370127508515867,False,True
Oligo,min10_cells,CILP,1,-0.56237,0.89462,0.8684169387123155,False,False
Oligo,min10_cells,C15orf61,1,-0.01134,0.15864,0.9313394262978272,False,False
Oligo,min10_cells,SPESP1,1,-0.14928,0.09867,0.9435006611027348,False,False
Oligo,min10_cells,THSD4,62,-0.41888,-0.34595,0.9072392631754675,False,True
Oligo,min10_cells,ADPGK,10,0.11183,0.14469,0.8773310875375492,False,True
Oligo,min10_cells,LOXL1,3,-0.21091,-0.83197,0.9037975931789344,False,True
Oligo,min10_cells,ADAMTS7,1,0.16976,0.47874,0.889863055381061,False,True
Oligo,min10_cells,CEMIP,1,0.06668,0.43654,0.7491562899507276,False,True
Oligo,min10_cells,IL16,24,-0.26257,0.47597,0.8928193318426232,False,False
Oligo,min10_cells,ADAMTSL3,2,0.04004,0.12608,0.9419025361159892,False,True
Oligo,min10_cells,NMB,1,0.09503,0.38141,0.9171410446399731,False,True
Oligo,min10_cells,ACAN,1,0.19727,-0.77103,0.8837848675479112,False,False
Oligo,min10_cells,MFGE8,2,0.82357,0.85765,0.7822482529287431,False,True
Oligo,min10_cells,NGRN,1,-0.07824,0.11229,0.9551975093607836,False,False
Oligo,min10_cells,FURIN,5,0.05172,0.22084,0.9276482291516448,False,True
Oligo,min10_cells,ST8SIA2,2,-0.79048,-0.55211,0.9100978233927064,False,True
Oligo,min10_cells,RGMA,5,-0.28741,-0.13938,0.9738175410442128,False,True
Oligo,min10_cells,ADAMTS17,1,0.01155,-0.39111,0.7453477825976484,False,False
Oligo,min10_cells,CHSY1,1,0.02006,-0.15127,0.8362921146840738,False,False
Oligo,min10_cells,PCSK6,45,-0.01975,0.0895,0.94838924523625,False,False
Oligo,min10_cells,WFIKKN1,1,0.04129,0.39258,0.9412564028434014,False,True
Oligo,min10_cells,METRN,2,0.1773,0.04236,0.9782104470635306,False,True
Oligo,min10_cells,GNPTG,1,0.17307,0.14417,0.9199718833087164,False,True
Oligo,min10_cells,GFER,2,0.11927,0.24708,0.9362656278786242,False,True
Oligo,min10_cells,PKD1,2,0.10395,-0.01356,0.9924667498497394,False,False
Oligo,min10_cells,DNASE1L2,1,-0.52352,0.48411,0.9269195279242748,False,False
Oligo,min10_cells,PRSS27,1,-0.14553,1.10747,0.5733919438421659,False,False
Oligo,min10_cells,IL32,1,-0.47508,1.27797,0.8525846460913581,False,False
Oligo,min10_cells,MTRNR2L4,1,-0.01323,0.04331,0.9919451715787562,False,False
Oligo,min10_cells,DNASE1,2,-0.38836,0.06867,0.9544074207630244,False,False
Oligo,min10_cells,VASN,5,-0.09167,0.05526,0.9851630673907772,False,False
Oligo,min10_cells,C16orf89,1,0.31798,-0.01985,0.9939925755754048,False,False
Oligo,min10_cells,XYLT1,1,0.08872,0.03851,0.9819960162651298,False,True
Oligo,min10_cells,OTOA,3,-0.60062,-0.2855,0.9590517987608644,False,True
Oligo,min10_cells,VWA3A,8,-0.46417,0.14311,0.9708743386099892,False,False
Oligo,min10_cells,IL4R,12,-0.31194,-0.28414,0.9362656278786242,False,True
Oligo,min10_cells,CTF1,2,0.00609,0.94118,0.7586235343224637,False,True
Oligo,min10_cells,PRSS53,1,-0.53723,-0.20364,0.9302765364098684,False,True
Oligo,min10_cells,ITFG1,1,0.30543,-0.17384,0.8299872207753898,False,False
Oligo,min10_cells,MMP2,13,-0.28443,0.50492,0.9356862512044576,False,False
Oligo,min10_cells,CES5A,13,-0.21634,-0.98135,0.5046548320959856,False,True
Oligo,min10_cells,RSPRY1,1,0.20908,-0.13859,0.8292725897045264,False,False
Oligo,min10_cells,CX3CL1,1,-0.3646,-0.31286,0.9362656278786242,False,True
Oligo,min10_cells,ADGRG1,11,0.15496,-0.19226,0.9434327305173053,False,False
Oligo,min10_cells,PRSS54,1,-0.05286,-1.20489,0.8463423644625195,False,True
Oligo,min10_cells,CKLF,2,0.25405,0.37546,0.7342685757716966,False,True
Oligo,min10_cells,CES4A,4,0.13496,0.06325,0.9685695155531996,False,True
Oligo,min10_cells,GFOD2,1,0.04775,0.0523,0.9733364797883446,False,True
Oligo,min10_cells,NRN1L,2,0.01898,0.18032,0.9523929174373276,False,True
Oligo,min10_cells,LCAT,3,0.0291,0.47927,0.8624400287698031,False,True
Oligo,min10_cells,PLA2G15,3,0.0882,-0.08116,0.973416902052466,False,False
Oligo,min10_cells,ST3GAL2,11,0.04998,0.10174,0.9367725978386376,False,True
Oligo,min10_cells,IL34,14,-0.26484,0.55371,0.868309399503223,False,False
Oligo,min10_cells,CLEC18B,1,0.20307,0.29521,0.9553381480883456,False,True
Oligo,min10_cells,ADAMTS18,1,0.03256,-0.0591,0.9947217614049624,False,False
Oligo,min10_cells,MBTPS1,1,0.17882,0.04395,0.9431823206812404,False,True
Oligo,min10_cells,WFDC1,1,-0.23907,-0.10362,0.9818027912470296,False,True
Oligo,min10_cells,CRISPLD2,2,-0.02681,-0.51791,0.8797129628545259,False,True
Oligo,min10_cells,SERPINF2,4,-0.10634,0.2188,0.9529354473737556,False,False
Oligo,min10_cells,SERPINF1,2,-0.38536,0.81156,0.8521105793340067,False,False
Oligo,min10_cells,CYB5D2,1,0.10784,-0.23793,0.8933259544910297,False,False
Oligo,min10_cells,CXCL16,1,-0.04465,-0.00419,0.9984756375756284,False,True
Oligo,min10_cells,VMO1,1,-0.255,1.58148,0.6721643772449784,False,False
Oligo,min10_cells,C1QBP,1,-0.14271,0.55525,0.7347022146412764,False,False
Oligo,min10_cells,ASGR1,1,-0.1895,-0.33589,0.9541185376344388,False,True
Oligo,min10_cells,TNFSF12,1,0.02703,0.44284,0.861394762259451,False,True
Oligo,min10_cells,TNFSF13,2,0.0039,0.60718,0.9120352085429174,False,True
Oligo,min10_cells,SHBG,3,0.17811,0.11897,0.9737100441855772,False,True
Oligo,min10_cells,NTN1,2,-0.63843,0.04135,0.9902108926142784,False,False
Oligo,min10_cells,MTRNR2L1,2,0.88155,-1.76983,0.7491562899507276,False,False
Oligo,min10_cells,LGALS9,3,-0.20592,0.39163,0.8941257636842888,False,False
Oligo,min10_cells,VTN,2,0.0635,-0.09347,0.9859703773188616,False,False
Oligo,min10_cells,SDF2,1,-0.129,0.25461,0.8521105793340067,False,False
Oligo,min10_cells,DHRS13,1,-0.00282,-0.15541,0.956674182084127,False,True
Oligo,min10_cells,ABHD15,2,-0.02722,0.49382,0.8781028357584484,False,False
Oligo,min10_cells,TMEM98,1,0.45753,0.25211,0.8506813841715811,False,True
Oligo,min10_cells,SPACA3,3,-0.40941,0.01563,0.9981025680649824,False,False
Oligo,min10_cells,CCL2,1,-0.67907,-0.65253,0.9190852001990818,False,True
Oligo,min10_cells,MMP28,2,-0.59579,-0.4291,0.9144768500244486,False,True
Oligo,min10_cells,CCL5,2,-0.24194,0.86573,0.8818392879245764,False,False
Oligo,min10_cells,DHRS11,1,-0.39866,0.0388,0.9888086065326632,False,False
Oligo,min10_cells,PLXDC1,2,0.11684,-0.65192,0.8264709976980267,False,False
Oligo,min10_cells,IGFBP4,1,-0.13476,0.18877,0.9813850425379972,False,False
Oligo,min10_cells,IFI35,1,0.00022,0.53497,0.8781028357584484,False,True
Oligo,min10_cells,PYY,8,-0.25495,-0.297,0.9392235698495188,False,True
Oligo,min10_cells,GRN,3,0.06505,0.12711,0.9541185376344388,False,True
Oligo,min10_cells,C1QL1,2,0.14082,-1.13114,0.6781631852333454,False,False
Oligo,min10_cells,MAPT,19,0.03205,0.25212,0.7611813871271617,False,True
Oligo,min10_cells,WNT3,1,-0.12616,-0.69858,0.856118881906478,False,True
Oligo,min10_cells,NXPH3,2,-0.03096,-0.16178,0.9757340467361156,False,True
Oligo,min10_cells,XYLT2,1,0.02092,-0.29783,0.8582432724808153,False,False
Oligo,min10_cells,SPATA20,1,-0.09424,0.6273,0.8684169387123155,False,False
Oligo,min10_cells,WFIKKN2,1,0.15335,1.9629,0.6661306968176193,False,True
Oligo,min10_cells,CA10,3,-0.3811,-0.98735,0.6325619193797943,False,True
Oligo,min10_cells,C17orf67,1,0.28939,0.06092,0.9798931639050764,False,True
Oligo,min10_cells,SCPEP1,1,0.06313,0.21369,0.8299872207753898,False,True
Oligo,min10_cells,RNF43,3,-0.18704,0.24178,0.9550904032778502,False,False
Oligo,min10_cells,ACE,2,-0.48052,0.27717,0.958917615529371,False,False
Oligo,min10_cells,FAM20A,13,-0.30007,-0.08304,0.9697173347977018,False,True
Oligo,min10_cells,BTBD17,2,-0.17227,0.4046,0.901044889784518,False,False
Oligo,min10_cells,C17orf99,1,0.02341,-0.20091,0.972937844182088,False,False
Oligo,min10_cells,TIMP2,18,0.13436,0.39751,0.4219610406612866,False,True
Oligo,min10_cells,LGALS3BP,1,0.07352,0.26924,0.9120376643483084,False,True
Oligo,min10_cells,CANT1,5,0.00043,-0.12691,0.9397619226503257,False,False
Oligo,min10_cells,C1QTNF1,10,-0.2313,-0.53258,0.9296301349675246,False,True
Oligo,min10_cells,NPTX1,3,0.00184,-0.532,0.9049590826338192,False,False
Oligo,min10_cells,P4HB,1,0.3414,0.10447,0.9362656278786242,False,True
Oligo,min10_cells,NPB,2,-0.24533,-0.37699,0.9072392631754675,False,True
Oligo,min10_cells,METRNL,1,0.07826,0.80204,0.8520101042502813,False,True
Oligo,min10_cells,CLUL1,5,-0.09965,0.46677,0.8475047665146977,False,False
Oligo,min10_cells,ADCYAP1,2,-0.281,0.83642,0.8524978362890144,False,False
Oligo,min10_cells,EMILIN2,3,-0.22016,-0.70376,0.6157917821790461,False,True
Oligo,min10_cells,LAMA1,25,-0.23134,-0.04995,0.9877509043355988,False,True
Oligo,min10_cells,TWSG1,1,0.13187,-0.30142,0.6578926374933444,False,False
Oligo,min10_cells,LAMA3,29,-0.29546,-0.53474,0.8486317870924784,False,True
Oligo,min10_cells,CHST9,8,-0.12146,-0.352,0.9119645567976078,False,True
Oligo,min10_cells,TTR,8,0.10649,-1.93825,0.534859454275969,False,False
Oligo,min10_cells,GALNT1,1,-0.54172,-0.14079,0.7911487942643533,False,True
Oligo,min10_cells,LIPG,4,-0.43565,-0.66095,0.8874057905584055,False,True
Oligo,min10_cells,C18orf54,1,0.0255,-0.42614,0.5020313314773658,False,False
Oligo,min10_cells,TCF4,89,0.05355,-0.12541,0.8928995070598102,False,False
Oligo,min10_cells,GRP,3,-0.2256,1.11411,0.7864716391537,False,False
Oligo,min10_cells,CCBE1,36,-0.33763,-1.12598,0.7342685757716966,False,True
Oligo,min10_cells,HMSD,2,-0.14735,-0.40347,0.868309399503223,False,True
Oligo,min10_cells,CBLN2,17,-0.15735,-0.87773,0.837199805688999,False,True
Oligo,min10_cells,NETO1,2,-0.13402,-1.08282,0.7070641817227298,False,True
Oligo,min10_cells,CNDP1,1,0.23312,-0.0583,0.9716865732257428,False,False
Oligo,min10_cells,GZMM,2,-0.09073,0.08271,0.988115067122558,False,False
Oligo,min10_cells,FGF22,1,-0.00044,0.69631,0.7610548775799021,False,False
Oligo,min10_cells,FSTL3,3,-0.07973,0.23429,0.9392235698495188,False,False
Oligo,min10_cells,CFD,2,0.09944,0.71925,0.884812203929648,False,True
Oligo,min10_cells,IZUMO4,1,0.23544,0.31817,0.9049590826338192,False,True
Oligo,min10_cells,AMH,1,-0.11654,0.15015,0.9778284428304288,False,False
Oligo,min10_cells,MYDGF,2,-0.04614,0.40103,0.8520101042502813,False,False
Oligo,min10_cells,HSD11B1L,1,0.14567,0.04331,0.9875389755054692,False,True
Oligo,min10_cells,NRTN,1,-1.14194,-0.33793,0.9508206637708227,False,True
Oligo,min10_cells,FUT6,2,0.08893,-0.13322,0.9864562139367992,False,False
Oligo,min10_cells,PSPN,2,0.03669,-0.29763,0.9412564028434014,False,False
Oligo,min10_cells,C3,2,-0.3267,1.58772,0.2730632966576781,False,False
Oligo,min10_cells,FBN3,2,-0.43482,-1.03877,0.761108670532819,False,True
Oligo,min10_cells,ANGPTL4,2,-0.15379,0.5884,0.6895551457270579,False,False
Oligo,min10_cells,ADAMTS10,4,-0.58977,-1.45984,0.5185210675625821,False,True
Oligo,min10_cells,OLFM2,19,-0.7572,-0.67361,0.8373226038847789,False,True
Oligo,min10_cells,COL5A3,2,-0.26565,-0.12054,0.9724047991648408,False,True
Oligo,min10_cells,EPOR,2,-0.03765,0.32397,0.9266256836201232,False,False
Oligo,min10_cells,MAN2B1,2,0.11882,0.01278,0.9924667498497394,False,True
Oligo,min10_cells,RTBDN,3,-0.05336,0.41191,0.9300216095972762,False,False
Oligo,min10_cells,CALR,1,0.20851,-0.01093,0.996290519098115,False,False
Oligo,min10_cells,DAND5,3,-0.02527,-0.04953,0.9952039963475446,False,True
Oligo,min10_cells,PODNL1,2,0.16017,-0.12293,0.9837310464981948,False,False
Oligo,min10_cells,SAMD1,1,0.1088,0.10885,0.9541185376344388,False,True
Oligo,min10_cells,ADGRE5,1,-0.07682,-0.1789,0.898078083680576,False,True
Oligo,min10_cells,ADGRE3,4,0.06656,0.3806,0.9289624434370214,False,True
Oligo,min10_cells,CPAMD8,2,-0.83768,-0.45597,0.9269195279242748,False,True
Oligo,min10_cells,IFI30,1,-0.38541,0.81889,0.9066567543864718,False,False
Oligo,min10_cells,GDF15,2,0.08369,0.60358,0.9190852001990818,False,True
Oligo,min10_cells,CRLF1,2,-0.21461,-0.19708,0.9648644526430004,False,True
Oligo,min10_cells,NCAN,3,-0.56364,-0.78862,0.8177800702168395,False,True
Oligo,min10_cells,HAPLN4,1,-0.8415,-0.44103,0.9362656278786242,False,True
Oligo,min10_cells,GPI,1,-0.33228,-0.24781,0.7911487942643533,False,True
Oligo,min10_cells,SCGB2B2,13,0.0812,-0.19578,0.8495883775149917,False,False
Oligo,min10_cells,SCN1B,2,0.29008,0.38673,0.8328025567674077,False,True
Oligo,min10_cells,LGI4,1,-0.039,0.53578,0.7787309064699263,False,False
Oligo,min10_cells,HAMP,3,-0.12163,1.05024,0.868309399503223,False,False
Oligo,min10_cells,DMKN,3,-0.28534,0.26293,0.9585276098906348,False,False
Oligo,min10_cells,HSPB6,1,0.08352,0.64905,0.912201952992642,False,True
Oligo,min10_cells,CATSPERG,1,0.1295,0.2975,0.7195093870873828,False,True
Oligo,min10_cells,CCER2,1,-0.02967,0.50713,0.8732726315385382,False,False
Oligo,min10_cells,ACP7,1,-0.28393,-0.22349,0.9249694691256414,False,True
Oligo,min10_cells,FCGBP,6,-0.21255,0.68686,0.8732726315385382,False,False
Oligo,min10_cells,LTBP4,7,-0.0164,-0.47831,0.8160552016259455,False,True
Oligo,min10_cells,MIA,1,0.27446,0.95097,0.8651369052175615,False,True
Oligo,min10_cells,TGFB1,2,-0.37907,0.51065,0.7773338024330817,False,False
Oligo,min10_cells,CXCL17,1,-0.20029,0.32993,0.9356862512044576,False,False
Oligo,min10_cells,CEACAM1,1,-0.18777,-0.51794,0.8198242746197086,False,True
Oligo,min10_cells,PSG8,9,0.07644,0.53727,0.5675161070863111,False,True
Oligo,min10_cells,PSG1,2,0.02437,-0.09166,0.9837310464981948,False,False
Oligo,min10_cells,PSG6,1,-0.12754,0.72581,0.892524021688951,False,False
Oligo,min10_cells,PINLYP,2,0.23226,1.08997,0.2753648644688273,False,True
Oligo,min10_cells,PLAUR,2,-0.06207,-0.21603,0.9369065878466378,False,True
Oligo,min10_cells,PVR,1,-0.28749,-0.21581,0.9064687967526672,False,True
Oligo,min10_cells,APOE,3,-0.16095,-0.07457,0.9864450869846328,False,True
Oligo,min10_cells,APOC1,2,-0.15649,0.36137,0.9302765364098684,False,False
Oligo,min10_cells,APOC2,4,-0.46022,0.89029,0.7797904152110069,False,False
Oligo,min10_cells,PGLYRP1,1,0.14445,0.12606,0.9811966632758145,False,True
Oligo,min10_cells,IGFL4,7,-0.29586,-0.64716,0.4109134027091499,False,True
Oligo,min10_cells,IGFL3,3,-0.33765,-0.80952,0.8513948852482152,False,True
Oligo,min10_cells,FKRP,2,0.06262,0.02242,0.9924667498497394,False,True
Oligo,min10_cells,CA11,1,0.05995,-0.09802,0.972937844182088,False,False
Oligo,min10_cells,NTN5,1,-0.02896,0.56543,0.842628735129492,False,False
Oligo,min10_cells,NUCB1,1,0.07178,0.146,0.9362656278786242,False,True
Oligo,min10_cells,FLT3LG,2,-0.29131,0.62558,0.8049950880898739,False,False
Oligo,min10_cells,ADM5,1,-0.35251,-0.41616,0.9447431932907222,False,True
Oligo,min10_cells,IL4I1,9,0.13442,-0.53655,0.8955318046250319,False,False
Oligo,min10_cells,EMC10,2,-0.19597,0.15846,0.917116145585626,False,False
Oligo,min10_cells,CLEC11A,2,0.1699,0.52478,0.8209098186726145,False,True
Oligo,min10_cells,KLK6,1,0.13015,0.36666,0.8231721483254876,False,True
Oligo,min10_cells,KLK7,2,-0.12837,-0.55714,0.9224540838102268,False,True
Oligo,min10_cells,KLK10,2,-0.28135,-0.70464,0.9324283240532784,False,True
Oligo,min10_cells,IGLON5,2,-0.75537,0.54049,0.8953863051774641,False,False
Oligo,min10_cells,SIGLEC10,2,-0.21306,-0.87167,0.8796104953184828,False,True
Oligo,min10_cells,SSC5D,4,-0.10958,0.60586,0.8915657341359929,False,False
Oligo,min10_cells,EDDM13,2,-0.18274,0.16319,0.94838924523625,False,False
Oligo,min10_cells,A1BG,1,-0.17712,0.10188,0.9671700978359844,False,False
Oligo,min10_cells,RSPO4,2,-0.07294,-0.42565,0.8643396079476379,False,True
Oligo,min10_cells,PDYN,2,-0.41987,1.37848,0.6325619193797943,False,False
Oligo,min10_cells,ATRN,1,-0.20731,-0.0179,0.9826665862415238,False,True
Oligo,min10_cells,C20orf27,2,0.0314,0.60112,0.7540430835029771,False,True
Oligo,min10_cells,CHGB,2,-0.22776,0.41999,0.9289624434370214,False,False
Oligo,min10_cells,BMP2,3,0.34033,0.50692,0.8373226038847789,False,True
Oligo,min10_cells,FLRT3,1,0.24804,0.01881,0.99412864687682,False,True
Oligo,min10_cells,PCSK2,2,-0.12171,-0.80061,0.7396954342025674,False,True
Oligo,min10_cells,CST3,2,-0.0655,-0.12627,0.9746488920533946,False,True
Oligo,min10_cells,ENTPD6,1,0.08117,0.08766,0.940424324295759,False,True
Oligo,min10_cells,BPIFB1,2,-0.14617,-0.14216,0.9795445188494036,False,True
Oligo,min10_cells,ASIP,11,-0.2381,0.73158,0.7556851941582978,False,False
Oligo,min10_cells,MMP24,1,0.20352,0.30226,0.8928193318426232,False,True
Oligo,min10_cells,GDF5,3,0.14079,-1.19545,0.8070961390632729,False,False
Oligo,min10_cells,SOGA1,2,0.2496,0.0856,0.9428590555410992,False,True
Oligo,min10_cells,VSTM2L,2,-0.51387,-0.03871,0.9924667498497394,False,True
Oligo,min10_cells,TGM2,1,-0.49014,0.62661,0.9356862512044576,False,False
Oligo,min10_cells,BPI,5,-0.05332,-0.4136,0.9412564028434014,False,True
Oligo,min10_cells,CCN5,1,0.2882,1.08209,0.2719539520544158,False,True
Oligo,min10_cells,MATN4,3,0.15644,1.11821,0.8506813841715811,False,True
Oligo,min10_cells,SDC4,1,0.13583,0.54747,0.8719250937207794,False,True
Oligo,min10_cells,WFDC2,2,-0.23893,0.22011,0.9362656278786242,False,False
Oligo,min10_cells,WFDC10B,1,-0.02724,-0.4537,0.9253460123491896,False,True
Oligo,min10_cells,WFDC3,1,-0.00445,0.09728,0.9727027125737252,False,False
Oligo,min10_cells,PLTP,1,-0.28074,0.51323,0.8478410247216294,False,False
Oligo,min10_cells,CD40,1,-0.18422,1.2491,0.7377914043150055,False,False
Oligo,min10_cells,SULF2,1,-0.55214,-0.9843,0.7586235343224637,False,True
Oligo,min10_cells,CBLN4,1,-0.13485,-1.22944,0.7911487942643533,False,True
Oligo,min10_cells,BMP7,1,0.14599,-0.42194,0.761108670532819,False,False
Oligo,min10_cells,GNAS,21,0.0275,0.06818,0.9613856868073354,False,True
Oligo,min10_cells,LAMA5,1,-0.74909,-0.07114,0.988115067122558,False,True
Oligo,min10_cells,COL9A3,1,0.01181,0.03754,0.9811966632758145,False,True
Oligo,min10_cells,TNFRSF6B,2,-0.04293,0.05566,0.988115067122558,False,False
Oligo,min10_cells,LIPI,1,0.27798,0.70593,0.868309399503223,False,True
Oligo,min10_cells,CXADR,1,0.02199,-0.38771,0.4765340396198836,False,False
Oligo,min10_cells,APP,8,0.19505,-0.0202,0.9819810717433384,False,False
Oligo,min10_cells,ADAMTS1,2,0.31051,0.2175,0.9036093472994116,False,True
Oligo,min10_cells,ADAMTS5,1,0.43818,1.23399,0.8235848056281357,False,True
Oligo,min10_cells,C21orf62,1,-0.09702,0.57135,0.7412296313524072,False,False
Oligo,min10_cells,IFNAR2,1,0.18605,0.06136,0.9551975093607836,False,True
Oligo,min10_cells,DSCAM,91,-0.23945,-1.39514,0.3033085228117079,False,True
Oligo,min10_cells,ERVH48-1,2,-0.05785,0.13703,0.9727027125737252,False,False
Oligo,min10_cells,COL18A1,14,-0.35144,-0.79943,0.7327313501108011,False,True
Oligo,min10_cells,COL6A1,1,0.2006,0.75848,0.8160552016259455,False,True
Oligo,min10_cells,COL6A2,3,-0.10134,-0.30957,0.9648476203838576,False,True
Oligo,min10_cells,S100B,2,0.20915,0.01845,0.9924667498497394,False,True
Oligo,min10_cells,IL17RA,1,0.00379,0.50307,0.5513703197699268,False,True
Oligo,min10_cells,ADA2,5,-0.37909,-0.48968,0.8424918566042563,False,True
Oligo,min10_cells,C22orf39,1,0.0713,0.15519,0.9155692863724122,False,True
Oligo,min10_cells,SERPIND1,4,-0.52259,-0.13735,0.964423499521772,False,True
Oligo,min10_cells,IGLV10-54,1,-0.02462,-0.05389,0.9932310345898904,False,True
Oligo,min10_cells,IGLL1,1,-0.29168,-0.15349,0.97129254457547,False,True
Oligo,min10_cells,MIF,1,0.09908,0.26605,0.9362656278786242,False,True
Oligo,min10_cells,EMID1,1,-0.67494,-0.31038,0.940160797550192,False,True
Oligo,min10_cells,TCN2,3,-0.11502,0.5307,0.7639370900250486,False,False
Oligo,min10_cells,BPIFC,1,0.42819,-0.6708,0.8936639766839248,False,False
Oligo,min10_cells,TIMP3,3,-0.02911,0.09504,0.9828518639492032,False,False
Oligo,min10_cells,C1QTNF6,2,0.00496,0.43924,0.785561974245967,False,True
Oligo,min10_cells,LGALS1,1,-0.12189,0.05402,0.9877509043355988,False,False
Oligo,min10_cells,PDGFB,4,-0.40379,-0.22925,0.9598751070934538,False,True
Oligo,min10_cells,CHADL,2,0.0978,0.12317,0.9356819299723736,False,True
Oligo,min10_cells,CCDC134,1,-0.03466,0.06966,0.9692675178607644,False,False
Oligo,min10_cells,SCUBE1,2,-0.19118,-0.0897,0.988115067122558,False,True
Oligo,min10_cells,FBLN1,3,-0.12513,0.47371,0.8732726315385382,False,False
Oligo,min10_cells,WNT7B,5,-0.05367,-0.06419,0.9895405717384552,False,True
Oligo,min10_cells,TAFA5,61,0.12529,0.02437,0.9875389755054692,False,True
Oligo,min10_cells,CSF2RA,5,-0.44291,-0.43731,0.8955318046250319,False,True
Oligo,min10_cells,DHRSX,2,-0.25265,-0.26566,0.8051456022867449,False,True
Oligo,min10_cells,ARSF,4,-0.0511,-0.45391,0.9362656278786242,False,True
Oligo,min10_cells,MXRA5,2,0.60974,-1.2232,0.8299872207753898,False,False
Oligo,min10_cells,ANOS1,1,0.11829,-0.44403,0.8987831620341941,False,False
Oligo,min10_cells,VEGFD,2,0.12418,-0.10268,0.9585276098906348,False,False
Oligo,min10_cells,APOO,1,0.22744,-0.02185,0.9864562139367992,False,False
Oligo,min10_cells,SRPX,1,0.15586,-0.21681,0.9717058109061398,False,False
Oligo,min10_cells,NDP,2,0.03829,0.21216,0.8777824620426768,False,True
Oligo,min10_cells,DIPK2B,1,0.02836,0.38544,0.8364455368688887,False,True
Oligo,min10_cells,TIMP1,1,-0.00257,1.45471,0.5282237838980894,False,False
Oligo,min10_cells,PCSK1N,2,-0.48917,0.44228,0.8662540858981508,False,False
Oligo,min10_cells,EDA,5,0.2513,0.22936,0.8732726315385382,False,True
Oligo,min10_cells,PDZD11,1,0.07731,0.1066,0.9661783055339298,False,True
Oligo,min10_cells,SRPX2,2,0.11577,-0.99797,0.856118881906478,False,False
Oligo,min10_cells,COL4A6,2,0.36483,0.71193,0.8521105793340067,False,True
Oligo,min10_cells,COL4A5,9,0.32862,0.03893,0.9753708673729076,False,True
Oligo,min10_cells,CHRDL1,1,-0.05371,-0.76709,0.8234687949387971,False,True
Oligo,min10_cells,PGRMC1,1,0.0513,0.24814,0.9171410446399731,False,True
Oligo,min10_cells,APLN,2,0.01441,-0.26038,0.9446707905067074,False,False
Oligo,min10_cells,ENOX2,38,-0.06095,-0.2231,0.7947936452272703,False,True
Oligo,min10_cells,IGSF1,11,0.15268,0.83441,0.7018066543617796,False,True
Oligo,min10_cells,GPC4,2,-0.20943,-0.86775,0.5046548320959856,False,True
Oligo,min10_cells,FGF13,15,0.48056,-0.31151,0.9403338631058912,False,False
Oligo,min10_cells,CD99L2,1,0.31906,-0.04308,0.9587502459353264,False,False
Oligo,min10_cells,BGN,1,-0.52498,0.5208,0.9083777059005664,False,False
Oligo,min10_cells,FAM3A,1,0.21361,0.00358,0.9979809377905966,False,True
Oligo,min10_cells,F8,3,-0.1734,0.47713,0.7177830033228251,False,False
OPC,all_donors,ISG15,5,-0.32092,-0.2101,0.982822977659108,False,True
OPC,all_donors,AGRN,1,-0.14447,-0.14124,0.982822977659108,False,True
OPC,all_donors,VWA1,3,0.14332,0.70555,0.8033277824997774,False,True
OPC,all_donors,MEGF6,25,-0.11636,0.9358,,False,False
OPC,all_donors,TNFRSF25,1,-0.00888,0.12481,0.9899023761674208,False,False
OPC,all_donors,CORT,1,-0.33609,0.59558,,False,False
OPC,all_donors,ANGPTL7,2,-0.5277,-0.39853,,False,True
OPC,all_donors,DRAXIN,2,0.11811,0.44294,0.976047620898481,False,True
OPC,all_donors,NPPA,2,0.21356,1.05808,,False,True
OPC,all_donors,TNFRSF1B,2,-0.09981,-0.29098,0.9877920929686972,False,True
OPC,all_donors,CELA2B,1,-0.27099,0.01198,,False,False
OPC,all_donors,NBL1,14,-0.07429,-0.00693,0.9992469611201772,False,True
OPC,all_donors,HSPG2,2,-0.16746,-0.56465,0.9397473715413,False,True
OPC,all_donors,WNT4,1,0.19795,-0.32882,0.982822977659108,False,False
OPC,all_donors,C1QA,2,-0.35204,1.88336,0.8013035732062138,False,False
OPC,all_donors,C1QC,3,-0.24969,1.33989,0.8625456819286104,False,False
OPC,all_donors,C1QB,3,0.10758,1.4827,0.8386711315469725,False,True
OPC,all_donors,MATN1,1,-0.52852,0.13801,0.9922539125278126,False,False
OPC,all_donors,COL16A1,3,-0.03972,-0.15184,0.961444011039232,False,True
OPC,all_donors,ADGRB2,5,0.08386,-0.09617,0.9868333685461788,False,False
OPC,all_donors,FNDC5,2,0.05048,0.42732,0.9570649154016404,False,True
OPC,all_donors,CSF3R,1,-0.37865,-0.71817,,False,True
OPC,all_donors,EPHA10,3,0.21448,-2.17558,,False,False
OPC,all_donors,BMP8A,3,-0.07619,0.2679,0.9804259394332088,False,False
OPC,all_donors,BMP8B,2,0.06685,-0.57691,0.6402883414217986,False,False
OPC,all_donors,PPT1,6,-0.2783,0.03922,0.9947067405987228,False,False
OPC,all_donors,COL9A2,1,0.07047,0.13685,0.9735885885534497,False,True
OPC,all_donors,YBX1,1,0.11132,0.1333,0.961444011039232,False,True
OPC,all_donors,P3H1,1,-0.05815,-0.07267,0.9899023761674208,False,True
OPC,all_donors,SVBP,1,0.02937,0.24605,0.982822977659108,False,True
OPC,all_donors,ST3GAL3,7,0.03321,0.132,0.9439145354137234,False,True
OPC,all_donors,SPATA6,1,0.0307,-0.31022,0.8675803621252881,False,False
OPC,all_donors,GPX7,1,0.01962,0.45238,0.9445926238513868,False,True
OPC,all_donors,PODN,1,-0.37429,-0.3415,0.9461915962633198,False,True
OPC,all_donors,LRP8,1,0.20775,0.10519,0.982822977659108,False,True
OPC,all_donors,CDCP2,1,0.6674,-0.41623,,False,False
OPC,all_donors,LEPR,20,-0.27755,-0.06768,0.990300689545588,False,True
OPC,all_donors,CCN1,2,0.04052,0.81225,,False,True
OPC,all_donors,COL24A1,1,0.27254,-1.49256,0.3681717365930461,False,False
OPC,all_donors,GBP1,1,0.1178,0.134,0.9946674977591946,False,True
OPC,all_donors,TGFBR3,9,0.31939,-0.33813,0.9015655749210096,False,False
OPC,all_donors,F3,2,-0.10595,0.01191,0.9978584298112924,False,False
OPC,all_donors,EXTL2,1,0.03891,0.09316,0.982822977659108,False,True
OPC,all_donors,OLFM3,25,0.11105,0.62876,0.929095767725206,False,True
OPC,all_donors,COL11A1,1,-0.06717,-0.44731,0.6761315341529167,False,True
OPC,all_donors,AMY2B,3,0.36261,0.0151,0.9973477392005758,False,True
OPC,all_donors,CSF1,2,-0.00807,-0.06122,0.9956507156239238,False,True
OPC,all_donors,WNT2B,3,-0.12736,0.39541,0.8844311057111193,False,False
OPC,all_donors,NGF,1,-0.06293,-0.2674,0.929095767725206,False,True
OPC,all_donors,CD160,3,-0.01606,-0.61913,,False,True
OPC,all_donors,NOTCH2NLA,1,-0.11214,0.55115,0.833499920567623,False,False
OPC,all_donors,NOTCH2NLC,1,-0.29794,-0.18558,0.9769504046620408,False,True
OPC,all_donors,C1orf54,3,-0.10513,-0.28009,0.9877920929686972,False,True
OPC,all_donors,ECM1,3,-0.3074,0.86565,0.8752076042777743,False,False
OPC,all_donors,ADAMTSL4,2,0.03278,-0.20688,,False,False
OPC,all_donors,CTSS,2,0.14104,-0.07962,0.995305224767897,False,False
OPC,all_donors,CTSK,2,-0.26858,-0.13861,0.98495466623347,False,True
OPC,all_donors,C1orf56,2,0.06987,0.0695,0.9947067405987228,False,True
OPC,all_donors,TUFT1,1,-0.12522,0.2882,0.9801447104972468,False,False
OPC,all_donors,S100A13,2,0.22211,0.38776,0.957645352504143,False,True
OPC,all_donors,IL6R,3,-0.00525,-0.04289,0.9962929182465184,False,True
OPC,all_donors,EFNA1,2,0.0484,0.85136,0.818567492270735,False,True
OPC,all_donors,THBS3,1,-0.06534,-0.42868,0.9668347055013504,False,True
OPC,all_donors,BGLAP,2,-0.19008,0.37472,,False,False
OPC,all_donors,NAXE,2,0.03445,0.30011,0.9668347055013504,False,True
OPC,all_donors,HAPLN2,1,-0.02098,0.99254,0.5543390137293063,False,False
OPC,all_donors,BCAN,2,0.07993,0.0108,0.9978584298112924,False,True
OPC,all_donors,HDGF,1,0.02615,0.01669,0.9978584298112924,False,True
OPC,all_donors,COPA,1,-0.07335,-0.18537,0.8870217771662422,False,True
OPC,all_donors,ADAMTS4,4,0.03822,0.5159,,False,True
OPC,all_donors,FCGR3A,1,-0.03928,1.24918,,False,False
OPC,all_donors,OLFML2B,14,-0.05971,-0.46543,,False,True
OPC,all_donors,CREG1,1,-0.12187,-0.08817,0.9868333685461788,False,True
OPC,all_donors,F5,2,-0.55261,0.81885,,False,False
OPC,all_donors,TNR,3,-0.21551,-0.13901,0.9397473715413,False,True
OPC,all_donors,PAPPA2,1,0.00081,0.53943,0.9239209566949876,False,True
OPC,all_donors,BRINP2,1,-0.03087,-0.32856,0.6633950713599098,False,True
OPC,all_donors,ANGPTL1,1,-0.51834,-0.0813,0.9899023761674208,False,True
OPC,all_donors,QSOX1,2,0.40287,0.17831,0.9573057716528618,False,True
OPC,all_donors,MR1,1,0.15286,1.18981,,False,True
OPC,all_donors,LAMC1,1,0.19306,0.26573,0.8353089320160524,False,True
OPC,all_donors,HMCN1,1,-0.46433,-1.32846,,False,True
OPC,all_donors,BRINP3,3,0.00331,0.0786,0.9863970854388464,False,True
OPC,all_donors,CFH,2,-0.31771,1.43997,,False,False
OPC,all_donors,CRB1,31,0.08703,-0.62699,0.1658553013479896,False,False
OPC,all_donors,RNPEP,1,0.32601,0.37677,0.8947085801748207,False,True
OPC,all_donors,CHI3L1,2,0.05339,0.20166,,False,True
OPC,all_donors,CHIT1,1,0.12965,0.31482,,False,True
OPC,all_donors,PRELP,3,-0.0501,0.47346,0.9654697958263334,False,False
OPC,all_donors,OPTC,3,-0.47382,0.39827,0.9774324359047186,False,False
OPC,all_donors,CNTN2,2,-0.16981,0.10036,0.9912894282854396,False,False
OPC,all_donors,PM20D1,2,0.05818,0.18073,0.9912894282854396,False,True
OPC,all_donors,C4BPB,1,0.07633,-0.71909,,False,False
OPC,all_donors,C4BPA,1,-0.20477,0.16657,0.988750092830326,False,False
OPC,all_donors,CD55,1,-0.1362,0.00192,0.9992469611201772,False,False
OPC,all_donors,LAMB3,3,0.20372,-0.25886,,False,False
OPC,all_donors,NENF,1,0.08207,0.3833,0.9296733525533228,False,True
OPC,all_donors,VASH2,2,-0.39514,-0.3634,0.975842199658644,False,True
OPC,all_donors,USH2A,2,-0.2618,-0.05338,0.9947067405987228,False,True
OPC,all_donors,TGFB2,3,0.07068,-0.83555,0.6402883414217986,False,False
OPC,all_donors,SUSD4,1,0.05183,-0.20685,0.8892717447577536,False,False
OPC,all_donors,LEFTY1,2,-0.04532,0.05026,0.9947067405987228,False,False
OPC,all_donors,WNT9A,2,-0.30502,0.29826,,False,False
OPC,all_donors,GALNT2,1,0.10406,0.03499,0.9912894282854396,False,True
OPC,all_donors,AGT,1,-0.12237,0.93211,0.7676363080398282,False,False
OPC,all_donors,NID1,2,0.04696,0.07991,0.989968921879016,False,True
OPC,all_donors,GREM2,1,0.07365,-0.68649,0.952905230988968,False,False
OPC,all_donors,NLRP3,2,-0.14937,0.20959,,False,False
OPC,all_donors,ALKAL2,1,0.34699,-0.53287,,False,False
OPC,all_donors,PXDN,1,-0.02688,-0.03979,0.989968921879016,False,True
OPC,all_donors,COLEC11,5,-0.08471,2.07716,0.7329775307866214,False,False
OPC,all_donors,SDC1,1,-0.06741,-0.79148,,False,True
OPC,all_donors,EMILIN1,1,-0.01859,0.3487,,False,False
OPC,all_donors,CGREF1,2,-0.32507,0.13315,0.982822977659108,False,False
OPC,all_donors,UCN,2,-0.26275,-0.0987,0.9947067405987228,False,True
OPC,all_donors,FNDC4,1,0.03066,0.22184,0.9798261454517028,False,True
OPC,all_donors,LTBP1,27,0.07819,-0.345,0.7676363080398282,False,False
OPC,all_donors,CRIM1,2,0.23443,-0.05408,0.9889642628149398,False,False
OPC,all_donors,QPCT,2,-0.5274,0.57343,0.9445926238513868,False,False
OPC,all_donors,PKDCC,2,0.25766,0.22778,0.9774324359047186,False,True
OPC,all_donors,EFEMP1,1,-0.1987,0.46485,0.9668347055013504,False,False
OPC,all_donors,TGFA,2,0.28188,0.20084,0.9555852433695708,False,True
OPC,all_donors,PRADC1,1,0.23425,0.61633,0.8821299531106955,False,True
OPC,all_donors,LOXL3,1,-0.11779,-0.01371,0.9973477392005758,False,True
OPC,all_donors,THNSL2,2,-0.07831,0.61036,0.9301833795889536,False,False
OPC,all_donors,MGAT4A,11,0.08583,-0.06036,0.9863970854388464,False,False
OPC,all_donors,CREG2,2,0.14175,-0.48795,0.970817721048352,False,False
OPC,all_donors,IL1R1,9,0.053,0.43094,,False,True
OPC,all_donors,ECRG4,1,0.16814,0.48195,,False,True
OPC,all_donors,FBLN7,2,-0.19379,0.1946,0.961444011039232,False,False
OPC,all_donors,C1QL2,1,0.25202,0.7659,0.2738876447573404,False,True
OPC,all_donors,INHBB,1,0.15968,-0.18008,0.9863970854388464,False,False
OPC,all_donors,MGAT5,36,0.18331,-0.02189,0.9931175869021284,False,False
OPC,all_donors,NXPH2,3,-0.1035,-0.30486,,False,True
OPC,all_donors,LYPD6,3,0.18272,-0.37362,0.9100789081985208,False,False
OPC,all_donors,NMI,1,0.20786,0.46236,0.8917739076060818,False,True
OPC,all_donors,TNFAIP6,2,-0.31354,-0.07257,0.9947067405987228,False,True
OPC,all_donors,PLA2R1,3,0.14039,0.02028,0.9978584298112924,False,True
OPC,all_donors,DPP4,2,-0.15309,0.47741,,False,False
OPC,all_donors,FRZB,2,-0.05975,-0.34325,0.9301833795889536,False,True
OPC,all_donors,TFPI,3,0.09728,1.99478,0.569319692049319,False,True
OPC,all_donors,COL5A2,1,-1.44241,0.10211,0.9877920929686972,False,False
OPC,all_donors,MSTN,4,-0.36139,-0.99776,,False,True
OPC,all_donors,TMEFF2,3,0.14904,-0.07713,0.9863970854388464,False,False
OPC,all_donors,NRP2,2,0.61843,0.95029,0.705624175466279,False,True
OPC,all_donors,ADAM23,1,0.32972,-0.32602,0.8266056011095922,False,False
OPC,all_donors,VWC2L,1,-0.09851,1.12356,0.705624175466279,False,False
OPC,all_donors,FN1,1,0.00472,0.06715,0.9912894282854396,False,True
OPC,all_donors,IGFBP2,4,-0.11454,-0.01693,0.9985904936820236,False,True
OPC,all_donors,IGFBP5,2,0.07721,0.32927,0.9571619666687806,False,True
OPC,all_donors,ABCB6,1,0.08853,-0.05447,0.9947067405987228,False,False
OPC,all_donors,GLB1L,2,-0.05337,0.6423,,False,False
OPC,all_donors,INHA,1,0.08772,-0.37733,,False,False
OPC,all_donors,SCG2,2,0.44049,0.22945,0.9668347055013504,False,True
OPC,all_donors,SERPINE2,3,0.12699,0.17394,0.9105953647814036,False,True
OPC,all_donors,COL4A4,1,-0.16527,-0.40038,0.7771667682936796,False,True
OPC,all_donors,COL4A3,1,-0.16527,-0.20423,0.9691938722474084,False,True
OPC,all_donors,SNORC,2,-0.09794,-0.13831,0.982822977659108,False,True
OPC,all_donors,COL6A3,6,0.05143,-1.11463,,False,False
OPC,all_donors,GPC1,6,0.05938,0.30409,0.9414007480171036,False,True
OPC,all_donors,SNED1,12,-0.33628,0.44355,0.9137310777534228,False,False
OPC,all_donors,CHL1,31,-0.08726,0.23595,0.8031311582227664,False,False
OPC,all_donors,CNTN4,69,-0.09937,-0.53169,0.7104652860265886,False,True
OPC,all_donors,IL17RE,2,0.11954,0.2867,0.982822977659108,False,True
OPC,all_donors,GHRL,4,-0.5893,-0.58508,,False,True
OPC,all_donors,TIMP4,1,0.00829,0.50094,0.9110040875740087,False,True
OPC,all_donors,FBLN2,6,-0.45529,-0.09361,0.9912894282854396,False,True
OPC,all_donors,WNT7A,1,0.13639,-0.17894,0.9863970854388464,False,False
OPC,all_donors,COLQ,7,-0.65179,0.13778,0.9774324359047186,False,False
OPC,all_donors,BTD,8,0.16901,-0.10371,0.95916231613285,False,False
OPC,all_donors,TGFBR2,2,-0.02799,-0.08637,0.9947067405987228,False,True
OPC,all_donors,CRTAP,1,0.06788,-0.10613,0.982822977659108,False,False
OPC,all_donors,PDCD6IP,1,0.48878,0.09375,0.9668347055013504,False,True
OPC,all_donors,CCK,4,0.01892,0.98988,0.9301833795889536,False,True
OPC,all_donors,GASK1A,2,-0.69731,-0.52528,0.3854005494740879,False,True
OPC,all_donors,CDCP1,2,0.53503,-0.31942,,False,False
OPC,all_donors,CSPG5,1,0.07653,0.17069,0.9552166064657044,False,True
OPC,all_donors,SPINK8,1,-0.02614,-0.3725,0.982822977659108,False,True
OPC,all_donors,PLXNB1,4,0.00023,0.36355,0.9237072195369944,False,True
OPC,all_donors,COL7A1,3,0.1374,0.2073,,False,True
OPC,all_donors,LAMB2,1,-0.12422,-1.01837,,False,True
OPC,all_donors,DAG1,1,0.08444,0.29268,0.8831118083929482,False,True
OPC,all_donors,MST1,1,0.16563,0.14425,0.9877920929686972,False,True
OPC,all_donors,SEMA3B,3,-0.17738,1.10188,0.7132358981422527,False,False
OPC,all_donors,HYAL1,2,-0.31429,0.29309,0.9863970854388464,False,False
OPC,all_donors,MANF,1,0.23071,0.10079,0.990300689545588,False,True
OPC,all_donors,ITIH4,1,-0.57468,-0.15365,0.9932616614993,False,True
OPC,all_donors,MUSTN1,2,-0.53647,-0.03853,,False,True
OPC,all_donors,IL17RB,2,0.24631,0.36504,0.7669987700812514,False,True
OPC,all_donors,WNT5A,6,-0.01726,-0.50884,0.699235827199917,False,True
OPC,all_donors,ADAMTS9,2,0.2511,0.4221,0.705624175466279,False,True
OPC,all_donors,TAFA1,53,-0.04116,-0.4751,0.5331922884156,False,True
OPC,all_donors,TAFA4,1,0.33031,-0.10252,0.9956507156239238,False,False
OPC,all_donors,EPHA3,1,-0.26496,0.13451,0.9930239719889796,False,False
OPC,all_donors,PROS1,2,0.02777,-0.1946,0.957645352504143,False,False
OPC,all_donors,COL8A1,1,-0.36089,-0.57074,0.9452698562479264,False,True
OPC,all_donors,ABI3BP,1,-0.05205,-0.68163,0.9029484504845984,False,True
OPC,all_donors,NXPE3,4,0.19406,0.13054,0.9557397033106514,False,True
OPC,all_donors,ZPLD1,26,-0.13414,-0.28493,0.982822977659108,False,True
OPC,all_donors,ALCAM,33,0.06424,-0.10211,0.9740661853879656,False,False
OPC,all_donors,BTLA,1,0.0975,0.62993,,False,True
OPC,all_donors,CCDC80,2,-0.03111,-1.2827,,False,True
OPC,all_donors,CD200R1,2,0.03448,-0.09357,,False,False
OPC,all_donors,B4GALT4,3,0.23884,0.10916,0.982822977659108,False,True
OPC,all_donors,FSTL1,1,-0.13878,0.05314,0.9920453743775316,False,False
OPC,all_donors,MUC13,1,0.21297,-1.18497,,False,False
OPC,all_donors,HEG1,1,0.1185,0.01535,0.9973477392005758,False,True
OPC,all_donors,COL6A6,1,0.36973,0.1467,0.98495466623347,False,True
OPC,all_donors,TF,4,-0.1958,-0.18374,0.982822977659108,False,True
OPC,all_donors,PCOLCE2,1,0.18492,0.10621,0.982822977659108,False,True
OPC,all_donors,DIPK2A,1,0.21051,-0.15651,0.9774324359047186,False,False
OPC,all_donors,CPB1,5,0.05134,0.92978,,False,True
OPC,all_donors,CP,2,0.60387,0.10052,0.9912894282854396,False,True
OPC,all_donors,IGSF10,2,-0.16151,-0.08026,0.989968921879016,False,True
OPC,all_donors,C3orf33,1,0.09012,-0.18203,0.9487572997727816,False,False
OPC,all_donors,PTX3,1,-0.13755,0.4248,,False,False
OPC,all_donors,RARRES1,2,0.2496,0.00973,0.998532428187127,False,True
OPC,all_donors,IL12A,2,-0.37954,-0.49861,,False,True
OPC,all_donors,BCHE,2,-0.17883,-0.33798,0.8325624388227194,False,True
OPC,all_donors,SERPINI1,1,0.03292,0.02761,0.9947067405987228,False,True
OPC,all_donors,CHRD,3,-0.20739,-0.14811,0.9863970854388464,False,True
OPC,all_donors,KNG1,1,0.19933,-0.25176,,False,False
OPC,all_donors,ST6GAL1,29,0.11105,0.20082,0.9571619666687806,False,True
OPC,all_donors,MASP1,2,0.29107,0.09373,0.9863970854388464,False,True
OPC,all_donors,SST,1,-0.79945,-0.92301,0.9397473715413,False,True
OPC,all_donors,IL1RAP,12,0.04758,0.11649,0.982822977659108,False,True
OPC,all_donors,UTS2B,7,0.20309,0.27414,0.9863970854388464,False,True
OPC,all_donors,APOD,3,-0.05348,0.94967,0.6800426412334192,False,False
OPC,all_donors,MUC20,3,-0.28274,-0.38062,0.957645352504143,False,True
OPC,all_donors,TFRC,1,0.18339,0.02938,0.9953039627164572,False,True
OPC,all_donors,FBXO45,1,0.14643,0.16746,0.982822977659108,False,True
OPC,all_donors,SPON2,11,0.07539,-0.20565,0.9893836395617874,False,False
OPC,all_donors,FGFR3,2,0.19375,0.37568,0.9067427924021948,False,True
OPC,all_donors,C4orf48,1,-0.28224,0.32131,0.9668347055013504,False,False
OPC,all_donors,CYTL1,2,0.08877,0.92056,,False,True
OPC,all_donors,MAN2B2,1,0.39508,0.07275,0.9912664891822336,False,True
OPC,all_donors,C1QTNF7,20,0.01387,-0.0175,0.9974002012488424,False,False
OPC,all_donors,SLIT2,2,0.1304,-1.00985,0.3792393045700606,False,False
OPC,all_donors,SOD3,1,0.19618,0.58967,,False,True
OPC,all_donors,LGI2,2,-0.13602,-0.03454,0.9962929182465184,False,True
OPC,all_donors,SMIM20,1,0.01701,-0.06811,0.9899023761674208,False,False
OPC,all_donors,CORIN,10,0.01095,-0.44348,0.9121395219232,False,False
OPC,all_donors,ERVMER34-1,1,-0.76492,-1.00099,,False,True
OPC,all_donors,IGFBP7,1,0.13078,-0.19744,0.982822977659108,False,False
OPC,all_donors,TMPRSS11D,1,-0.32628,0.24172,0.9727119476965986,False,False
OPC,all_donors,ADAMTS3,1,-0.07949,-0.84829,0.6761315341529167,False,True
OPC,all_donors,ALB,1,0.03877,-2.3786,,False,False
OPC,all_donors,BTC,1,-0.19492,-0.24983,0.982822977659108,False,True
OPC,all_donors,ANTXR2,1,0.12073,0.16755,0.961444011039232,False,True
OPC,all_donors,FGF5,1,0.35768,0.0741,,False,True
OPC,all_donors,HPSE,2,0.05521,-0.66502,,False,False
OPC,all_donors,SPARCL1,3,0.35312,0.28664,0.948604501391468,False,True
OPC,all_donors,SPP1,4,0.64465,1.25394,0.8105750215479672,False,True
OPC,all_donors,PKD2,8,0.02014,-0.02343,0.9945755801501868,False,False
OPC,all_donors,SNCA,1,0.08117,0.01052,0.9973477392005758,False,True
OPC,all_donors,NPNT,1,0.25674,0.58892,0.9704261062490552,False,True
OPC,all_donors,AIMP1,1,0.18916,0.31442,0.8821299531106955,False,True
OPC,all_donors,DKK2,21,-0.04173,-0.07838,0.9931175869021284,False,True
OPC,all_donors,COL25A1,30,-0.26366,-0.69992,0.7624802113087851,False,True
OPC,all_donors,PLA2G12A,1,-0.25156,0.00162,0.9992469611201772,False,False
OPC,all_donors,ARSJ,1,0.07031,-0.33969,,False,False
OPC,all_donors,PRSS12,1,-0.85232,-1.3808,0.8392948528333727,False,True
OPC,all_donors,FGF2,1,0.30337,0.17474,0.9570649154016404,False,True
OPC,all_donors,ABHD18,1,-0.11,0.06672,0.9863970854388464,False,False
OPC,all_donors,PGRMC2,2,0.02107,-0.14963,0.9642360436718956,False,False
OPC,all_donors,IL15,9,-0.07933,-0.23535,0.982822977659108,False,True
OPC,all_donors,FREM3,1,-0.2659,-0.97244,0.3708652348260843,False,True
OPC,all_donors,HHIP,2,-0.03552,0.23695,0.982822977659108,False,False
OPC,all_donors,PRSS48,1,-0.21735,0.25931,0.961444011039232,False,False
OPC,all_donors,SFRP2,3,0.02578,-0.18801,,False,False
OPC,all_donors,PDGFC,2,0.05383,-0.00639,0.998532428187127,False,False
OPC,all_donors,FSTL5,1,-0.54618,-1.6348,0.0676535925295278,True,True
OPC,all_donors,CPE,1,0.09211,0.07674,0.982822977659108,False,True
OPC,all_donors,TLL1,1,-0.13894,-1.14374,0.1491612974282209,False,True
OPC,all_donors,SPOCK3,24,0.05215,-0.07215,0.9863970854388464,False,False
OPC,all_donors,HMGB2,1,-0.04136,0.26346,0.975842199658644,False,False
OPC,all_donors,SCRG1,1,0.11531,-7e-05,0.9998416289768544,False,False
OPC,all_donors,VEGFC,1,-0.353,-0.73891,,False,True
OPC,all_donors,SNX25,3,0.08471,-0.07102,0.9863970854388464,False,False
OPC,all_donors,KLKB1,1,0.11093,0.35191,0.957645352504143,False,True
OPC,all_donors,EXOC3-AS1,2,-0.10362,-0.3255,0.9774324359047186,False,True
OPC,all_donors,ADAMTS16,2,-0.05218,-0.18398,0.9863970854388464,False,True
OPC,all_donors,NSUN2,1,-0.01577,-0.27703,0.8649243946727402,False,True
OPC,all_donors,PDZD2,1,0.26429,0.24996,0.8691691484087769,False,True
OPC,all_donors,ADAMTS12,2,-0.34741,-0.38232,,False,True
OPC,all_donors,C1QTNF3,2,-0.09887,-0.16339,0.9667133922785546,False,True
OPC,all_donors,PRLR,28,-0.05229,-0.55617,0.9668347055013504,False,True
OPC,all_donors,GDNF,4,0.15716,-0.01618,0.998532428187127,False,False
OPC,all_donors,EGFLAM,25,0.01743,-0.42057,,False,False
OPC,all_donors,LIFR,11,0.31388,0.51171,0.718717985501156,False,True
OPC,all_donors,GHR,16,0.01191,-0.4212,0.8649243946727402,False,False
OPC,all_donors,SELENOP,5,0.62492,0.6409,0.8649243946727402,False,True
OPC,all_donors,FGF10,1,0.21135,0.41841,,False,True
OPC,all_donors,IL6ST,5,0.32663,0.02259,0.9946244983853348,False,True
OPC,all_donors,ADAMTS6,2,0.06184,-0.65963,0.5174567143641736,False,False
OPC,all_donors,CARTPT,1,-1.02001,-0.32624,0.9868333685461788,False,True
OPC,all_donors,CRHBP,2,0.19863,-0.21137,,False,False
OPC,all_donors,AGGF1,1,0.06049,0.06688,0.9863970854388464,False,True
OPC,all_donors,ZBED3,1,-0.1425,-0.07662,0.982822977659108,False,True
OPC,all_donors,THBS4,2,0.24812,0.09647,0.982822977659108,False,True
OPC,all_donors,VCAN,2,-0.03704,0.02213,0.9947067405987228,False,False
OPC,all_donors,HAPLN1,5,0.09171,-0.34684,0.9414007480171036,False,False
OPC,all_donors,EDIL3,2,0.17915,-0.15455,0.923049594057106,False,False
OPC,all_donors,ARSK,1,0.08476,-0.20913,0.9596940414603538,False,False
OPC,all_donors,PCSK1,2,-0.29572,-0.36374,0.982822977659108,False,True
OPC,all_donors,ERAP1,2,0.30728,-0.15076,0.9735885885534497,False,False
OPC,all_donors,ERAP2,3,-0.03892,0.13193,0.9863970854388464,False,False
OPC,all_donors,LNPEP,2,0.18555,-0.19648,0.9281923121406344,False,False
OPC,all_donors,ST8SIA4,2,-0.29049,-0.30791,0.982822977659108,False,True
OPC,all_donors,PAM,2,-0.05246,-0.13145,0.9735885885534497,False,True
OPC,all_donors,FBN2,11,-0.17465,-0.59212,0.7694427096228245,False,True
OPC,all_donors,ADAMTS19,2,0.02148,-0.13595,0.9863970854388464,False,False
OPC,all_donors,GDF9,1,-0.16217,0.50556,,False,False
OPC,all_donors,LEAP2,1,-0.92444,-1.37009,,False,True
OPC,all_donors,FSTL4,1,-0.30506,0.1454,0.982822977659108,False,False
OPC,all_donors,CXCL14,1,-0.03045,-0.27265,0.982822977659108,False,True
OPC,all_donors,SPOCK1,66,-0.12873,0.03979,0.9946674977591946,False,False
OPC,all_donors,NRG2,33,-0.09037,-0.14882,0.9445926238513868,False,True
OPC,all_donors,HBEGF,1,-0.20251,0.03704,0.9973477392005758,False,False
OPC,all_donors,CD14,2,0.37382,0.4703,0.9863970854388464,False,True
OPC,all_donors,PCDHA1,1,-0.38827,-0.21595,0.982822977659108,False,True
OPC,all_donors,PCDHA6,1,-0.2846,-0.62494,0.8844311057111193,False,True
OPC,all_donors,PCDHA10,1,-0.07814,-0.03233,0.9947067405987228,False,True
OPC,all_donors,PCDH12,2,0.10502,0.27191,0.982822977659108,False,True
OPC,all_donors,NDFIP1,2,-0.11448,-0.02973,0.993012961945252,False,True
OPC,all_donors,FGF1,19,0.26724,0.22631,0.9668347055013504,False,True
OPC,all_donors,SPINK9,2,-0.13978,0.30241,0.975842199658644,False,False
OPC,all_donors,PCYOX1L,2,-0.03629,-0.15504,0.982822977659108,False,True
OPC,all_donors,ARSI,13,0.11776,-0.23388,,False,False
OPC,all_donors,CD74,3,-0.2823,1.98079,0.375267674759225,False,False
OPC,all_donors,GPX3,2,-0.0274,0.18728,,False,False
OPC,all_donors,SPARC,2,0.04887,0.12082,0.98495466623347,False,True
OPC,all_donors,C1QTNF2,1,-0.01696,1.5662,,False,False
OPC,all_donors,SLIT3,92,-0.13991,-1.00781,0.8398721567314559,False,True
OPC,all_donors,ADAMTS2,1,-0.24811,-0.68034,,False,True
OPC,all_donors,SERPINB1,1,0.20086,0.42753,0.9506947121898752,False,True
OPC,all_donors,F13A1,1,0.51316,-1.25896,,False,False
OPC,all_donors,LY86,2,-0.36482,0.63386,0.9774324359047186,False,False
OPC,all_donors,BMP6,2,-0.10045,-3.06265,,False,True
OPC,all_donors,EDN1,3,0.33835,0.44153,,False,True
OPC,all_donors,GFOD1,24,-0.07993,-0.117,0.9769504046620408,False,True
OPC,all_donors,KIAA0319,18,-0.24071,-0.57211,0.8612276507167523,False,True
OPC,all_donors,SCGN,1,-0.01101,0.7426,0.9704261062490552,False,False
OPC,all_donors,GABBR1,2,-0.14902,0.01476,0.9973477392005758,False,False
OPC,all_donors,HLA-E,2,-0.11134,0.95859,0.8675803621252881,False,False
OPC,all_donors,DDR1,4,0.23518,0.21936,0.943759932883358,False,True
OPC,all_donors,SFTA2,5,0.53755,-0.35602,,False,False
OPC,all_donors,BAG6,1,0.14875,0.20335,0.9741996048414252,False,True
OPC,all_donors,APOM,1,0.14875,-0.69656,,False,False
OPC,all_donors,LY6G5C,1,-0.03564,0.01574,,False,False
OPC,all_donors,HSPA1A,1,0.29845,0.86563,0.9452698562479264,False,True
OPC,all_donors,C2,8,0.11286,0.05015,0.9956507156239238,False,True
OPC,all_donors,TNXB,11,0.12263,0.52866,0.9506947121898752,False,True
OPC,all_donors,EGFL8,1,0.74349,0.00624,0.9992469611201772,False,True
OPC,all_donors,COL11A2,3,0.10006,-0.40816,0.9634755319602968,False,False
OPC,all_donors,CUTA,2,0.03766,0.86162,0.705624175466279,False,True
OPC,all_donors,SCUBE3,1,-0.39771,-0.51383,0.8821299531106955,False,True
OPC,all_donors,PI16,5,-0.35178,1.70769,,False,False
OPC,all_donors,TREM2,3,-0.0604,1.71185,0.7496616721570952,False,False
OPC,all_donors,PTK7,1,-0.09833,0.02227,0.9973477392005758,False,False
OPC,all_donors,VEGFA,1,0.21415,-0.51587,0.9119242969821182,False,False
OPC,all_donors,HSP90AB1,1,0.04273,0.13497,0.9863970854388464,False,True
OPC,all_donors,ENPP5,2,-0.05431,0.35271,0.9397473715413,False,False
OPC,all_donors,PLA2G7,2,0.13803,0.48101,0.8932563117716525,False,True
OPC,all_donors,COL21A1,15,0.03892,-0.46867,0.958841586558432,False,False
OPC,all_donors,EYS,16,-0.11226,-0.8169,0.555433015098354,False,True
OPC,all_donors,COL19A1,3,0.22499,0.43944,0.9124467768147336,False,True
OPC,all_donors,COL9A1,5,-0.19072,-0.36093,0.8385199124480828,False,True
OPC,all_donors,COL12A1,5,-0.27621,-1.21658,0.1958623321785362,False,True
OPC,all_donors,PRSS35,1,0.20208,-0.05804,,False,False
OPC,all_donors,CD164,2,0.02704,-0.02325,0.9956507156239238,False,False
OPC,all_donors,METTL24,1,0.16789,0.18425,0.9571619666687806,False,True
OPC,all_donors,LAMA4,2,0.19719,-0.14977,0.9774324359047186,False,False
OPC,all_donors,SMPDL3A,1,0.24056,-0.0703,0.9899023761674208,False,False
OPC,all_donors,RSPO3,1,0.11962,0.28823,0.982822977659108,False,True
OPC,all_donors,LAMA2,1,0.01027,-0.30591,0.95215016282549,False,False
OPC,all_donors,ENPP3,2,0.08046,-0.20617,0.982822977659108,False,False
OPC,all_donors,ENPP1,1,-0.20185,-0.82366,0.641876450831011,False,True
OPC,all_donors,CCN2,1,0.45493,0.5166,0.9627106486024588,False,True
OPC,all_donors,FUCA2,1,0.28222,0.11572,0.9877920929686972,False,True
OPC,all_donors,RAET1E,3,0.63496,0.20651,,False,True
OPC,all_donors,VIP,2,0.20868,0.34452,,False,True
OPC,all_donors,FNDC1,1,-0.11864,-0.54228,0.9824544322318568,False,True
OPC,all_donors,LPA,2,0.62564,0.08487,,False,True
OPC,all_donors,RNASET2,1,-0.07677,0.24089,0.9452698562479264,False,False
OPC,all_donors,SMOC2,35,-0.39384,-0.86874,0.5957790264476371,False,True
OPC,all_donors,THBS2,2,-0.32785,-0.45115,0.6884657891340026,False,True
OPC,all_donors,C6orf120,2,-0.06137,0.51349,0.876102125016221,False,False
OPC,all_donors,FAM20C,1,0.19014,0.14828,0.982822977659108,False,True
OPC,all_donors,PDGFA,2,0.32707,-0.38642,0.9571619666687806,False,False
OPC,all_donors,NXPH1,48,0.13387,0.0754,0.9877920929686972,False,True
OPC,all_donors,THSD7A,1,0.10615,-0.22426,0.949916379795608,False,False
OPC,all_donors,VWDE,1,0.1801,0.13735,,False,True
OPC,all_donors,CCDC126,1,0.35147,-0.11384,0.982822977659108,False,False
OPC,all_donors,NPY,3,-0.74032,-0.84462,,False,True
OPC,all_donors,HNRNPA2B1,1,0.25337,0.07094,0.9739153809169848,False,True
OPC,all_donors,BMPER,1,-0.00627,-1.07003,0.1185102555084272,False,True
OPC,all_donors,AOAH,2,-0.03586,-0.28629,0.9452698562479264,False,True
OPC,all_donors,EPDR1,27,0.09442,-0.41475,0.5543390137293063,False,False
OPC,all_donors,SFRP4,1,0.26376,-0.04613,0.9946674977591946,False,False
OPC,all_donors,INHBA,3,0.21023,0.69921,0.705624175466279,False,True
OPC,all_donors,AEBP1,6,-0.1886,0.468,0.957645352504143,False,False
OPC,all_donors,PPIA,1,0.09152,0.34805,0.9479210691622438,False,True
OPC,all_donors,IGFBP3,3,0.32856,0.91936,0.8927854116767509,False,True
OPC,all_donors,VWC2,1,0.11712,-0.17569,0.957645352504143,False,False
OPC,all_donors,ZPBP,1,-0.14874,-0.19624,0.9654697958263334,False,True
OPC,all_donors,VSTM2A,2,0.00583,-0.41428,0.86358302022799,False,False
OPC,all_donors,EGFR,44,0.00187,0.21392,0.9414007480171036,False,True
OPC,all_donors,STX1A,4,0.02403,0.06943,0.9956507156239238,False,True
OPC,all_donors,ELN,1,0.12506,-0.18138,0.9668347055013504,False,False
OPC,all_donors,SSC4D,2,0.44612,-0.20403,,False,False
OPC,all_donors,ZP3,10,0.06828,-0.39359,0.9774324359047186,False,False
OPC,all_donors,FGL2,2,-0.0033,0.24849,0.9892806380921212,False,False
OPC,all_donors,SEMA3C,2,-0.07282,0.1711,0.9868333685461788,False,False
OPC,all_donors,HGF,1,-0.08065,0.40947,,False,False
OPC,all_donors,SEMA3E,1,0.22155,0.36798,0.9397473715413,False,True
OPC,all_donors,SEMA3A,2,-0.3794,-0.42689,0.9711504272531726,False,True
OPC,all_donors,SEMA3D,7,-0.16311,-0.1928,0.9863970854388464,False,True
OPC,all_donors,PON1,1,-0.27885,0.28213,0.9740661853879656,False,False
OPC,all_donors,PON3,1,-0.33732,0.19127,0.9691938722474084,False,False
OPC,all_donors,PON2,1,-0.02129,0.14049,0.954564008226896,False,False
OPC,all_donors,TAC1,2,-0.22653,-0.43914,0.982822977659108,False,True
OPC,all_donors,NPTX2,1,0.00361,0.59887,0.9397473715413,False,True
OPC,all_donors,AZGP1,1,1.22254,2.92272,0.0066390376301885,True,True
OPC,all_donors,CNPY4,1,0.10398,-0.73857,0.878588999890484,False,False
OPC,all_donors,GPC2,2,-0.08697,0.23452,0.961444011039232,False,False
OPC,all_donors,PILRA,2,-0.22624,0.08422,0.9922539125278126,False,False
OPC,all_donors,PCOLCE,1,-0.20597,-0.08826,,False,True
OPC,all_donors,ACHE,1,-0.09597,0.48463,0.8994172003025268,False,False
OPC,all_donors,SERPINE1,1,0.45935,1.93,,False,True
OPC,all_donors,VGF,3,-0.09451,-0.40914,0.9727119476965986,False,True
OPC,all_donors,PLOD3,1,0.14248,0.71731,0.6325638782138165,False,True
OPC,all_donors,COL26A1,1,-0.67269,-1.45134,0.1581505777746425,False,True
OPC,all_donors,LRRC17,2,0.10143,-0.12788,0.9892806380921212,False,False
OPC,all_donors,RELN,1,0.02914,-0.48303,0.9461915962633198,False,False
OPC,all_donors,NAMPT,1,0.16161,-0.08738,0.982822977659108,False,False
OPC,all_donors,LAMB1,1,0.09576,-0.39485,0.9506947121898752,False,False
OPC,all_donors,NRCAM,51,-0.0267,0.05147,0.9877920929686972,False,False
OPC,all_donors,MDFIC,1,-0.10085,-0.40458,0.961444011039232,False,True
OPC,all_donors,MET,9,0.11823,-0.27662,0.982822977659108,False,False
OPC,all_donors,FAM3C,2,0.22141,0.20746,0.9100251162804665,False,True
OPC,all_donors,PTPRZ1,1,-0.08825,-0.09794,0.9750621351276216,False,True
OPC,all_donors,HILPDA,2,0.07619,0.60116,0.9311088123436652,False,True
OPC,all_donors,CALU,1,0.00192,-0.04152,0.9912894282854396,False,False
OPC,all_donors,KCP,2,-0.18172,-0.00635,0.9992469611201772,False,True
OPC,all_donors,PTN,1,0.00967,0.04944,0.9877920929686972,False,True
OPC,all_donors,EPHB6,1,-0.16983,-0.53085,0.9576680566332504,False,True
OPC,all_donors,RARRES2,1,-0.08444,0.25786,0.9741640881475884,False,False
OPC,all_donors,SHH,2,0.12862,0.43741,0.9668347055013504,False,True
OPC,all_donors,ANGPT2,1,0.06317,-0.1064,0.982822977659108,False,False
OPC,all_donors,PRSS51,5,-0.20272,-0.05315,0.9946244983853348,False,True
OPC,all_donors,CTSB,1,0.08911,0.06221,0.9912894282854396,False,True
OPC,all_donors,PDGFRL,2,-0.20125,-0.20191,,False,True
OPC,all_donors,FGL1,7,-0.0397,1.44332,0.7255208007004302,False,False
OPC,all_donors,ASAH1,2,0.14352,0.03266,0.993012961945252,False,True
OPC,all_donors,LPL,1,0.42355,1.28987,0.2999178479759294,False,True
OPC,all_donors,LGI3,2,-0.23582,-0.56263,0.9039137353091398,False,True
OPC,all_donors,SFTPC,1,-0.23449,0.14272,,False,False
OPC,all_donors,BMP1,1,0.22755,0.18357,0.9691938722474084,False,True
OPC,all_donors,PEBP4,1,0.30043,0.5591,0.8216565747291121,False,True
OPC,all_donors,LOXL2,1,-0.43606,0.30649,0.957645352504143,False,False
OPC,all_donors,ADAM28,2,0.16185,0.62947,0.9774324359047186,False,True
OPC,all_donors,CLU,2,0.06112,0.24303,0.9774324359047186,False,True
OPC,all_donors,PNOC,7,0.2948,0.21751,,False,True
OPC,all_donors,NRG1,89,-0.24855,-1.0994,0.5543390137293063,False,True
OPC,all_donors,HTRA4,2,-0.21272,0.24317,0.9869913305522994,False,False
OPC,all_donors,ADAM9,1,0.16189,-0.15931,0.9589380311569368,False,False
OPC,all_donors,SFRP1,1,-0.59416,-0.72116,0.6525867545821701,False,True
OPC,all_donors,PLAT,3,0.20974,0.7589,0.3636135222231184,False,True
OPC,all_donors,PXDNL,2,-0.23679,-0.2147,0.9589380311569368,False,True
OPC,all_donors,PENK,3,-0.40848,0.26946,,False,False
OPC,all_donors,SDCBP,2,-0.05731,0.14225,0.9774324359047186,False,False
OPC,all_donors,GGH,1,0.01257,-0.3596,0.9479210691622438,False,False
OPC,all_donors,CPA6,3,0.5154,0.6964,,False,True
OPC,all_donors,SULF1,6,0.19999,-0.13853,0.993012961945252,False,False
OPC,all_donors,SBSPON,1,0.16102,0.62132,,False,True
OPC,all_donors,LY96,1,-0.64934,0.27229,,False,False
OPC,all_donors,PI15,1,0.17149,-0.36581,0.9769504046620408,False,False
OPC,all_donors,CRISPLD1,2,0.10523,-0.30046,0.8988553916636707,False,False
OPC,all_donors,IL7,2,0.13943,0.16547,0.9589380311569368,False,True
OPC,all_donors,FABP5,1,-0.04392,0.18902,0.982822977659108,False,False
OPC,all_donors,MMP16,1,0.0725,-0.10099,0.98495466623347,False,False
OPC,all_donors,GDF6,2,0.24468,0.56822,0.86358302022799,False,True
OPC,all_donors,CPQ,1,0.52626,0.92113,0.2072552572095557,False,True
OPC,all_donors,MATN2,6,0.02997,0.14778,0.961444011039232,False,True
OPC,all_donors,CTHRC1,2,-0.00646,-0.21385,0.9774324359047186,False,True
OPC,all_donors,RSPO2,2,0.07802,-0.73828,0.7473554249329487,False,False
OPC,all_donors,TNFRSF11B,1,0.23026,0.96487,0.73004077642265,False,True
OPC,all_donors,CCN3,1,-0.41576,-0.23925,0.9912664891822336,False,True
OPC,all_donors,ENPP2,21,-0.009,0.22928,0.982822977659108,False,False
OPC,all_donors,COL14A1,14,-0.08484,-0.74528,,False,True
OPC,all_donors,TG,31,0.00935,0.26364,0.9863970854388464,False,True
OPC,all_donors,ST3GAL1,1,0.14386,0.43629,0.8549863165051483,False,True
OPC,all_donors,COL22A1,8,-0.01154,-0.39479,,False,True
OPC,all_donors,ADGRB1,9,0.11055,0.0353,0.9947067405987228,False,True
OPC,all_donors,THEM6,1,0.11493,0.17722,0.985103279118208,False,True
OPC,all_donors,INSL6,1,-0.38767,0.09455,0.9947067405987228,False,False
OPC,all_donors,CD274,2,0.13934,0.7036,0.9028199275466752,False,True
OPC,all_donors,PDCD1LG2,4,0.02228,0.8856,0.8932563117716525,False,True
OPC,all_donors,IL33,9,-0.39049,-0.58206,0.9515095141987876,False,True
OPC,all_donors,FREM1,16,-0.32246,-0.51325,0.8369421395146317,False,True
OPC,all_donors,ADAMTSL1,46,-0.1732,-0.33531,0.9668347055013504,False,True
OPC,all_donors,TEK,1,0.19708,-0.49145,0.7654619281637716,False,False
OPC,all_donors,C9orf72,1,0.08659,-0.2363,0.8938718950235183,False,False
OPC,all_donors,B4GALT1,1,-0.26737,-0.4749,0.9445926238513868,False,True
OPC,all_donors,PRSS3,12,0.12219,0.11786,0.9946674977591946,False,True
OPC,all_donors,ENHO,1,0.07316,0.36547,0.9414007480171036,False,True
OPC,all_donors,IL11RA,2,0.01478,0.27306,0.9735885885534497,False,True
OPC,all_donors,IGFBPL1,1,-0.07991,-0.80974,0.8821299531106955,False,True
OPC,all_donors,MAMDC2,1,-0.29532,0.08103,0.9926273008902112,False,False
OPC,all_donors,ANXA1,5,0.8047,2.27399,,False,True
OPC,all_donors,PCSK5,1,0.22942,0.15206,0.9668347055013504,False,True
OPC,all_donors,CTSL,1,0.25364,0.53618,0.8821299531106955,False,True
OPC,all_donors,OGN,1,0.32133,0.50532,0.9414007480171036,False,True
OPC,all_donors,ASPN,2,-0.04031,0.62908,0.9397473715413,False,False
OPC,all_donors,ECM2,4,0.38411,0.50708,0.9414007480171036,False,True
OPC,all_donors,NINJ1,3,0.2393,0.67386,0.87687688511476,False,True
OPC,all_donors,COL15A1,1,-0.09855,-0.12641,0.9877920929686972,False,True
OPC,all_donors,TXN,1,-0.04292,0.6545,0.7771667682936796,False,False
OPC,all_donors,SVEP1,1,-0.19231,-0.06417,0.9967162372245632,False,True
OPC,all_donors,COL27A1,2,0.1099,0.13449,0.9863970854388464,False,True
OPC,all_donors,TNC,6,0.00857,-0.23302,0.982822977659108,False,False
OPC,all_donors,PAPPA,2,-0.59974,-0.50927,0.8675803621252881,False,True
OPC,all_donors,GSN,31,-0.04241,-0.22884,0.9445926238513868,False,True
OPC,all_donors,CRB2,5,0.18126,-0.16867,,False,False
OPC,all_donors,OLFML2A,9,-0.29186,-1.25636,,False,True
OPC,all_donors,ANGPTL2,1,0.14861,-0.42658,0.8216565747291121,False,False
OPC,all_donors,TOR2A,1,0.10363,0.87697,0.699722614364138,False,True
OPC,all_donors,HMCN2,9,-0.45782,-0.79351,,False,True
OPC,all_donors,LAMC3,1,-0.08587,1.75509,,False,False
OPC,all_donors,ADAMTS13,5,-0.14669,-0.10301,0.9912894282854396,False,True
OPC,all_donors,ADAMTSL2,2,-0.13295,-0.07819,0.9958380101955552,False,True
OPC,all_donors,COL5A1,1,0.22588,0.45553,0.7847130675302186,False,True
OPC,all_donors,OLFM1,4,0.06655,-0.00351,0.9992469611201772,False,False
OPC,all_donors,QSOX2,2,-0.09913,0.20989,0.9727119476965986,False,False
OPC,all_donors,EGFL7,2,-0.03774,-0.5865,,False,True
OPC,all_donors,PTGDS,2,0.07284,0.71765,0.8862843632802342,False,True
OPC,all_donors,DPP7,2,0.19234,0.37352,0.9493231278431824,False,True
OPC,all_donors,IL15RA,1,0.26452,0.21927,,False,True
OPC,all_donors,ITIH5,9,0.43186,0.32196,,False,True
OPC,all_donors,CCDC3,19,-0.22739,0.05197,0.9899023761674208,False,False
OPC,all_donors,CDNF,2,-0.00152,0.44552,0.9691938722474084,False,False
OPC,all_donors,C1QL3,1,-0.31142,0.05738,0.9967162372245632,False,False
OPC,all_donors,NRP1,1,0.33092,-0.96092,0.8612276507167523,False,False
OPC,all_donors,CXCL12,2,-0.0608,-0.35744,0.9397473715413,False,True
OPC,all_donors,GDF10,2,-0.07741,-1.3343,,False,True
OPC,all_donors,VSTM4,2,0.29422,-0.06151,0.9877920929686972,False,False
OPC,all_donors,ASAH2,2,-0.56302,-0.12147,0.9947067405987228,False,True
OPC,all_donors,DKK1,1,-0.14323,-0.09607,0.9958380101955552,False,True
OPC,all_donors,PCDH15,3,0.04694,-0.25347,0.9382845086684742,False,False
OPC,all_donors,SRGN,3,-0.2546,1.25496,0.7676363080398282,False,False
OPC,all_donors,NODAL,1,-0.00228,0.74188,,False,False
OPC,all_donors,ADAMTS14,3,-0.00656,0.01592,0.998532428187127,False,False
OPC,all_donors,PSAP,2,0.03158,0.21722,0.9452698562479264,False,True
OPC,all_donors,SPOCK2,2,0.19193,0.64515,0.3681717365930461,False,True
OPC,all_donors,OIT3,1,0.47738,-0.78881,,False,False
OPC,all_donors,SFTPD,1,-0.08541,-0.19894,,False,True
OPC,all_donors,PLAC9,3,0.38159,-1.05574,,False,False
OPC,all_donors,PRXL2A,6,0.0679,0.13054,0.982822977659108,False,True
OPC,all_donors,NRG3,169,0.06718,0.06134,0.9868333685461788,False,True
OPC,all_donors,MMRN2,2,-0.00506,-0.4134,,False,True
OPC,all_donors,MINPP1,2,0.01168,0.00913,0.9978584298112924,False,True
OPC,all_donors,PTEN,1,0.21752,-0.09465,0.961444011039232,False,False
OPC,all_donors,RNLS,1,0.15575,0.08313,0.9839297164553158,False,True
OPC,all_donors,FAS,1,0.47045,0.48776,0.9668347055013504,False,True
OPC,all_donors,FGFBP3,1,0.14299,0.26173,0.982822977659108,False,True
OPC,all_donors,IDE,10,-0.0335,-0.00708,0.9978584298112924,False,True
OPC,all_donors,RBP4,2,0.18325,0.89056,,False,True
OPC,all_donors,LGI1,2,0.13481,-0.17437,0.9774324359047186,False,False
OPC,all_donors,TLL2,1,0.15453,0.27719,0.982822977659108,False,True
OPC,all_donors,SLIT1,2,0.09014,-0.37779,0.9452698562479264,False,False
OPC,all_donors,CRTAC1,3,0.23081,0.02962,0.9956507156239238,False,True
OPC,all_donors,LOXL4,2,0.24252,0.75461,,False,True
OPC,all_donors,HPSE2,35,-0.3385,-1.04561,0.86358302022799,False,True
OPC,all_donors,CASP7,7,0.18606,0.10129,0.9947067405987228,False,True
OPC,all_donors,VWA2,1,0.58902,-0.2371,0.982822977659108,False,False
OPC,all_donors,FGFR2,18,0.05795,-0.06222,0.9956507156239238,False,False
OPC,all_donors,HTRA1,3,0.16743,0.25399,0.8844311057111193,False,True
OPC,all_donors,FAM24B,1,0.06586,-0.82477,0.711187778728492,False,False
OPC,all_donors,CPXM2,2,-0.30869,0.15055,,False,False
OPC,all_donors,MMP21,2,-0.0051,-0.02739,0.9973477392005758,False,True
OPC,all_donors,ADAM12,2,0.15956,-0.38053,0.699235827199917,False,False
OPC,all_donors,DEAF1,2,0.28881,-0.03056,0.9946674977591946,False,False
OPC,all_donors,GATD1,1,-0.1373,0.14682,0.9863970854388464,False,False
OPC,all_donors,CHID1,3,0.08081,0.5057,0.8753818832649111,False,True
OPC,all_donors,CTSD,1,-0.27188,0.59653,0.6561562651562635,False,False
OPC,all_donors,SMPD1,1,0.20893,-0.17502,0.9863970854388464,False,False
OPC,all_donors,OLFML1,3,0.4319,-0.18156,,False,False
OPC,all_donors,TUB,22,-0.08709,-0.10376,0.982822977659108,False,True
OPC,all_donors,SCUBE2,1,-0.33585,-0.31632,0.8242209921790044,False,True
OPC,all_donors,ADM,5,0.00088,2.0125,0.8895600428577468,False,True
OPC,all_donors,MTRNR2L8,1,-0.40354,-0.4055,0.982822977659108,False,True
OPC,all_donors,DKK3,2,-0.02469,0.20099,0.9668347055013504,False,False
OPC,all_donors,SPON1,1,0.07945,-0.29778,0.9414007480171036,False,False
OPC,all_donors,CALCB,6,-0.42828,-1.24184,0.8675803621252881,False,True
OPC,all_donors,NUCB2,1,-0.07736,0.16915,0.949916379795608,False,False
OPC,all_donors,NELL1,2,0.1143,0.05627,0.9946244983853348,False,True
OPC,all_donors,LUZP2,27,-0.00519,-0.03444,0.9947067405987228,False,True
OPC,all_donors,FIBIN,3,0.04842,-0.44761,0.8917739076060818,False,False
OPC,all_donors,BDNF,15,-0.33591,-0.06173,0.9958380101955552,False,True
OPC,all_donors,CD59,5,0.13438,0.656,0.3681717365930461,False,True
OPC,all_donors,CD44,13,0.1307,1.20222,0.8060945716684856,False,True
OPC,all_donors,PAMR1,12,0.01762,-0.10612,0.98495466623347,False,False
OPC,all_donors,FJX1,2,-0.02815,0.21366,0.982822977659108,False,False
OPC,all_donors,EXT2,2,0.23083,0.00721,0.9973477392005758,False,True
OPC,all_donors,MDK,1,0.22105,1.18392,0.5046313181310107,False,True
OPC,all_donors,C1QTNF4,3,-0.19867,-0.28439,0.982822977659108,False,True
OPC,all_donors,PTPRJ,1,0.30337,0.02228,0.9958380101955552,False,True
OPC,all_donors,SERPING1,1,0.09108,0.67231,0.8325624388227194,False,True
OPC,all_donors,VWCE,6,-0.34872,0.17186,0.9877920929686972,False,False
OPC,all_donors,FLRT1,2,-0.29069,-0.42123,0.9067427924021948,False,True
OPC,all_donors,VEGFB,2,0.05258,0.54482,0.8114797366480652,False,True
OPC,all_donors,LTBP3,4,0.15063,0.15776,0.961444011039232,False,True
OPC,all_donors,EFEMP2,1,-0.24022,0.20265,0.9821074197263888,False,False
OPC,all_donors,DEFB131B,1,0.09401,0.73403,,False,True
OPC,all_donors,IL18BP,2,0.0445,-0.25435,,False,False
OPC,all_donors,PRSS23,1,-0.12545,0.39689,0.7694958777135882,False,False
OPC,all_donors,ENDOD1,1,0.2679,0.39155,0.660364346878727,False,True
OPC,all_donors,ANGPTL5,1,0.13497,-0.60861,,False,False
OPC,all_donors,PDGFD,1,-0.67157,0.53977,0.9397473715413,False,False
OPC,all_donors,CASP4,3,-0.00707,-0.98452,,False,True
OPC,all_donors,CRYAB,5,0.21784,0.23135,0.9863970854388464,False,True
OPC,all_donors,IL18,1,-0.27334,0.29246,0.98495466623347,False,False
OPC,all_donors,NCAM1,1,0.13959,-0.03557,0.9877920929686972,False,False
OPC,all_donors,TMEM25,1,-0.26273,0.19582,0.982822977659108,False,False
OPC,all_donors,NECTIN1,2,0.18138,-0.25132,0.943759932883358,False,False
OPC,all_donors,OAF,1,0.21222,0.13519,0.9912894282854396,False,True
OPC,all_donors,TECTA,3,-0.11403,-0.26659,0.9452698562479264,False,True
OPC,all_donors,SORL1,45,0.0416,0.09454,0.98418051111454,False,True
OPC,all_donors,ST3GAL4,15,-0.06677,0.18122,0.982822977659108,False,False
OPC,all_donors,KIRREL3,1,-0.10405,-0.18074,0.982822977659108,False,True
OPC,all_donors,ADAMTS8,2,-0.22022,0.55665,0.9487572997727816,False,False
OPC,all_donors,JAM3,1,0.21407,-0.04857,0.9877920929686972,False,False
OPC,all_donors,GLB1L2,1,-0.30857,-0.29351,0.9774324359047186,False,True
OPC,all_donors,B3GAT1,9,-0.00919,0.14363,0.9571619666687806,False,False
OPC,all_donors,WNT5B,17,0.11011,-0.08813,0.990454314081586,False,False
OPC,all_donors,TULP3,1,0.13716,0.55388,0.5275933496744157,False,True
OPC,all_donors,NTF3,21,-0.24463,0.00735,,False,False
OPC,all_donors,VWF,2,-0.47685,0.11655,0.993012961945252,False,False
OPC,all_donors,CD9,11,-0.11416,0.51184,0.8675803621252881,False,False
OPC,all_donors,TNFRSF1A,2,-0.02831,0.95769,0.1740159346871541,False,False
OPC,all_donors,ACRBP,1,0.25728,0.97601,,False,True
OPC,all_donors,C1S,15,-0.04674,0.16421,0.9688594562119092,False,False
OPC,all_donors,C1R,2,-0.29981,0.44692,0.9654697958263334,False,False
OPC,all_donors,C1RL,1,0.34942,0.61632,0.9100251162804665,False,True
OPC,all_donors,CD163L1,1,-0.09617,-0.19545,,False,True
OPC,all_donors,CD163,1,-0.32126,2.50687,,False,False
OPC,all_donors,A2ML1,6,0.24762,-0.30101,0.982822977659108,False,False
OPC,all_donors,A2M,3,-0.11192,0.36221,0.9465212441792064,False,False
OPC,all_donors,OLR1,3,-0.05312,0.96089,0.961444011039232,False,False
OPC,all_donors,PRR4,1,0.08277,-0.3142,,False,False
OPC,all_donors,PRH2,1,-0.28695,0.25023,,False,False
OPC,all_donors,PRB1,2,-0.08896,0.19302,,False,False
OPC,all_donors,PRB2,1,-0.28749,-1.4317,,False,True
OPC,all_donors,ART4,2,0.00589,-0.91902,,False,False
OPC,all_donors,MGP,4,0.31085,1.63138,,False,True
OPC,all_donors,SPX,2,-0.29651,1.42448,0.7771667682936796,False,False
OPC,all_donors,OVCH1,1,-0.37662,-1.30947,0.7432056160838372,False,True
OPC,all_donors,ADAMTS20,2,-0.72928,-2.56843,0.1032532890710554,False,True
OPC,all_donors,NELL2,3,-0.40354,-0.53814,0.705624175466279,False,True
OPC,all_donors,NPFF,1,0.14241,0.04417,,False,True
OPC,all_donors,CD63,1,0.03372,0.7188,0.749170733419246,False,True
OPC,all_donors,GDF11,2,0.00335,-0.0491,0.9946244983853348,False,False
OPC,all_donors,MMP19,1,-0.67228,0.00543,0.9992469611201772,False,False
OPC,all_donors,PMEL,1,-0.08118,-0.26947,,False,True
OPC,all_donors,ERBB3,3,0.12584,0.08522,0.9863970854388464,False,True
OPC,all_donors,WIF1,1,-0.1154,-0.99295,0.8675803621252881,False,True
OPC,all_donors,PTPRR,20,-0.12417,-1.21201,0.2172744890613315,False,True
OPC,all_donors,GLIPR1L1,5,-0.23467,0.13774,0.982822977659108,False,False
OPC,all_donors,OTOGL,15,-0.07335,-0.31314,0.8675803621252881,False,True
OPC,all_donors,NTS,2,-0.48841,1.06359,,False,False
OPC,all_donors,KITLG,1,0.06207,-0.67857,0.5680965993781127,False,False
OPC,all_donors,DCN,2,-0.08538,1.69663,0.455998980220322,False,False
OPC,all_donors,NTN4,1,0.15169,0.31919,0.8684717881123478,False,True
OPC,all_donors,IGF1,2,0.21693,-0.71812,0.9124467768147336,False,False
OPC,all_donors,TMEM119,3,-0.10933,0.46536,,False,False
OPC,all_donors,TCTN1,1,0.20613,-0.12896,0.9691938722474084,False,False
OPC,all_donors,OAS1,1,0.18069,0.66304,0.8684717881123478,False,True
OPC,all_donors,GLT1D1,3,-0.02267,0.18037,0.9119242969821182,False,False
OPC,all_donors,MMP17,5,0.14098,0.07421,0.9877920929686972,False,True
OPC,all_donors,IL17D,1,0.01657,0.10099,0.98418051111454,False,True
OPC,all_donors,FGF9,1,-0.44108,-0.10487,0.9912894282854396,False,True
OPC,all_donors,FLT1,35,-0.01381,-1.53318,0.705624175466279,False,True
OPC,all_donors,HMGB1,21,0.11033,0.01585,0.9956507156239238,False,True
OPC,all_donors,KL,2,-0.52403,0.42969,,False,False
OPC,all_donors,NHLRC3,1,0.16106,0.08974,0.982822977659108,False,True
OPC,all_donors,ENOX1,2,-0.02782,-0.27564,0.8821299531106955,False,True
OPC,all_donors,ITM2B,3,0.10648,0.35743,0.8691691484087769,False,True
OPC,all_donors,SERPINE3,3,-0.34665,-0.34858,0.982822977659108,False,True
OPC,all_donors,THSD1,4,0.19978,0.24835,0.9566001970785404,False,True
OPC,all_donors,CNMD,2,0.08398,-0.08842,0.9877920929686972,False,False
OPC,all_donors,PIBF1,1,-0.13563,0.1476,0.9431919147748616,False,False
OPC,all_donors,CLN5,1,0.15187,0.2524,0.8917739076060818,False,True
OPC,all_donors,SLITRK1,3,-0.07219,-0.25828,0.9100251162804665,False,True
OPC,all_donors,GPC5,35,-0.48157,-0.43089,0.9668347055013504,False,True
OPC,all_donors,GPC6,89,0.12451,-0.19059,0.9735885885534497,False,False
OPC,all_donors,ITGBL1,4,-0.31673,0.64779,0.7596835353147456,False,False
OPC,all_donors,TNFSF13B,3,0.07144,0.47975,0.705624175466279,False,True
OPC,all_donors,COL4A1,1,0.85617,1.27644,0.530196192794723,False,True
OPC,all_donors,COL4A2,1,0.85617,1.61981,0.033197874313068,True,True
OPC,all_donors,F10,3,-0.36904,0.98095,,False,False
OPC,all_donors,GAS6,2,0.18545,-0.32253,0.971390856102982,False,False
OPC,all_donors,RNASE4,2,0.04072,0.53509,,False,True
OPC,all_donors,RNASE1,3,0.01873,1.09037,0.8844311057111193,False,True
OPC,all_donors,C14orf93,1,-0.06641,-0.16178,0.9774324359047186,False,True
OPC,all_donors,DHRS4L2,9,-0.37846,0.14371,0.982822977659108,False,False
OPC,all_donors,COCH,1,0.08961,0.66393,,False,True
OPC,all_donors,FAM177A1,2,0.01735,0.18127,0.9479210691622438,False,True
OPC,all_donors,TMX1,1,0.41516,0.10868,0.9798261454517028,False,True
OPC,all_donors,NID2,1,-0.12256,-1.76774,0.0766078957199585,True,True
OPC,all_donors,TXNDC16,1,0.11356,-0.2774,0.8821299531106955,False,False
OPC,all_donors,ERO1A,1,0.10242,-0.0714,0.9831233146376892,False,False
OPC,all_donors,BMP4,2,-0.44104,-0.34714,,False,True
OPC,all_donors,LGALS3,1,0.28073,2.03476,0.3681717365930461,False,True
OPC,all_donors,SMOC1,3,-4e-05,0.18164,0.9571619666687806,False,False
OPC,all_donors,PAPLN,5,-0.1672,-1.12022,,False,True
OPC,all_donors,ENTPD5,1,-0.03933,0.37279,0.9015655749210096,False,False
OPC,all_donors,NPC2,1,0.11835,0.86678,0.7289913980576255,False,True
OPC,all_donors,TGFB3,3,-0.04266,0.03837,0.9962929182465184,False,False
OPC,all_donors,VASH1,6,-0.14734,-0.46257,0.705624175466279,False,True
OPC,all_donors,FLRT2,4,0.16151,0.03045,0.9946674977591946,False,True
OPC,all_donors,FBLN5,2,-0.19808,0.28517,0.9668347055013504,False,False
OPC,all_donors,CHGA,2,0.01544,-0.30796,0.982822977659108,False,False
OPC,all_donors,SERPINA3,1,-0.03334,2.4528,0.705624175466279,False,False
OPC,all_donors,HHIPL1,2,-0.25273,-0.27266,0.9514273334179496,False,True
OPC,all_donors,WDR25,3,0.04329,-0.01187,0.9973477392005758,False,False
OPC,all_donors,SCG5,2,-0.23768,0.17506,0.9589380311569368,False,False
OPC,all_donors,GREM1,1,-0.02108,0.60664,0.9688880458433818,False,False
OPC,all_donors,THBS1,2,0.00834,-0.29103,,False,False
OPC,all_donors,B2M,2,0.13191,0.90295,0.3854005494740879,False,True
OPC,all_donors,SORD,6,-0.01528,-0.26136,0.95215016282549,False,True
OPC,all_donors,FBN1,1,0.00117,-0.17262,0.9403556087204122,False,False
OPC,all_donors,FGF7,2,-0.47412,0.14925,0.9922539125278126,False,False
OPC,all_donors,GLDN,8,0.05343,1.00181,0.8861744032566862,False,True
OPC,all_donors,SCG3,1,0.25887,0.51329,0.86358302022799,False,True
OPC,all_donors,LIPC,6,0.45912,0.32899,,False,True
OPC,all_donors,ANXA2,1,0.01146,1.95424,0.3268038797485089,False,True
OPC,all_donors,PPIB,1,0.0988,0.36808,0.9117892043224504,False,True
OPC,all_donors,CILP,1,-0.04364,1.03895,,False,False
OPC,all_donors,C15orf61,1,0.20233,0.50663,0.86358302022799,False,True
OPC,all_donors,SPESP1,1,0.14009,-0.04285,0.9940244255384256,False,False
OPC,all_donors,THSD4,62,-0.26968,-0.8142,0.8619338263187096,False,True
OPC,all_donors,ADPGK,10,-0.0173,0.40969,0.7020057102422069,False,False
OPC,all_donors,LOXL1,3,0.19433,1.12294,,False,True
OPC,all_donors,ADAMTS7,1,0.25941,0.0499,0.995165788486464,False,True
OPC,all_donors,CEMIP,1,-0.07489,0.42948,0.8938718950235183,False,False
OPC,all_donors,IL16,24,-0.08068,-1.52258,,False,True
OPC,all_donors,ADAMTSL3,2,-0.2111,-1.30714,0.0816445552189949,True,True
OPC,all_donors,NMB,1,0.12914,1.06703,0.8821299531106955,False,True
OPC,all_donors,ACAN,1,-0.05266,0.00113,0.9994336837792148,False,False
OPC,all_donors,MFGE8,2,0.01385,-0.12493,0.990300689545588,False,False
OPC,all_donors,NGRN,1,-0.02645,0.26144,0.9571619666687806,False,False
OPC,all_donors,FURIN,5,0.24574,-0.0239,0.9974002012488424,False,False
OPC,all_donors,ST8SIA2,2,-0.59754,-0.6998,,False,True
OPC,all_donors,RGMA,5,0.1981,0.46006,0.7624802113087851,False,True
OPC,all_donors,ADAMTS17,1,0.02368,-0.02764,0.9946969189323596,False,False
OPC,all_donors,CHSY1,1,0.04409,-0.06649,0.9863970854388464,False,False
OPC,all_donors,PCSK6,45,0.0947,0.1964,0.9668347055013504,False,True
OPC,all_donors,WFIKKN1,1,0.06632,1.54514,,False,True
OPC,all_donors,METRN,2,0.03261,0.40591,0.8386711315469725,False,True
OPC,all_donors,GNPTG,1,0.28374,0.55143,0.6109717074059153,False,True
OPC,all_donors,GFER,2,-0.08542,0.26524,,False,False
OPC,all_donors,PKD1,2,-0.0781,0.05251,0.9912664891822336,False,False
OPC,all_donors,PRSS27,1,-0.05176,0.05561,,False,False
OPC,all_donors,MTRNR2L4,1,-1.01263,-0.60767,,False,True
OPC,all_donors,DNASE1,2,-0.36262,0.25446,0.8932563117716525,False,False
OPC,all_donors,VASN,5,-0.2219,-0.65982,,False,True
OPC,all_donors,C16orf89,1,0.69237,1.31317,,False,True
OPC,all_donors,XYLT1,1,-0.11262,-0.1062,0.9821201790440364,False,True
OPC,all_donors,CLEC19A,2,0.52967,-0.13118,,False,False
OPC,all_donors,OTOA,3,-0.07557,-0.01464,,False,True
OPC,all_donors,VWA3A,8,-0.73005,-0.25609,,False,True
OPC,all_donors,IL4R,12,-0.50166,0.1763,0.9922539125278126,False,False
OPC,all_donors,CTF1,2,-0.12012,-0.15544,,False,True
OPC,all_donors,PRSS53,1,0.39179,1.13867,,False,True
OPC,all_donors,ITFG1,1,0.15365,-0.14201,0.9506947121898752,False,False
OPC,all_donors,MMP2,13,-0.22791,-0.80313,0.7709157804199066,False,True
OPC,all_donors,RSPRY1,1,0.14699,-0.07401,0.982822977659108,False,False
OPC,all_donors,CX3CL1,1,-0.04173,-0.00964,0.998532428187127,False,True
OPC,all_donors,ADGRG1,11,0.22117,0.46613,0.678865805353701,False,True
OPC,all_donors,CKLF,2,-0.13801,0.45813,0.8385199124480828,False,False
OPC,all_donors,CES4A,4,0.18717,0.28286,0.957645352504143,False,True
OPC,all_donors,GFOD2,1,0.17145,0.01,0.998532428187127,False,True
OPC,all_donors,NRN1L,2,0.11742,1.36677,,False,True
OPC,all_donors,LCAT,3,0.11311,-0.16469,,False,False
OPC,all_donors,PLA2G15,3,-0.22297,-0.40949,0.9656349474941368,False,True
OPC,all_donors,ST3GAL2,11,-0.01787,-0.26292,0.9332785099633916,False,True
OPC,all_donors,IL34,14,-0.14681,0.42603,0.9668347055013504,False,False
OPC,all_donors,ADAMTS18,1,0.25179,-2.71765,0.1695515129738416,False,False
OPC,all_donors,MBTPS1,1,0.22626,0.07953,0.9731087697978252,False,True
OPC,all_donors,WFDC1,1,0.22869,0.41026,0.7676363080398282,False,True
OPC,all_donors,CRISPLD2,2,-0.00918,-0.02108,0.9973477392005758,False,True
OPC,all_donors,SERPINF2,4,-0.14674,-0.54538,,False,True
OPC,all_donors,SERPINF1,2,0.12074,1.26182,0.8938718950235183,False,True
OPC,all_donors,CYB5D2,1,0.16054,-0.08178,0.9868333685461788,False,False
OPC,all_donors,CXCL16,1,0.00014,0.19265,0.982822977659108,False,True
OPC,all_donors,C1QBP,1,0.16857,0.59504,0.8675803621252881,False,True
OPC,all_donors,ASGR1,1,-0.38965,-0.64026,0.9452698562479264,False,True
OPC,all_donors,TNFSF12,1,-0.04131,0.65243,0.7596835353147456,False,False
OPC,all_donors,TNFSF13,2,0.20412,0.7633,,False,True
OPC,all_donors,NTN1,2,-0.12773,0.04356,0.9946674977591946,False,False
OPC,all_donors,MTRNR2L1,2,0.76592,0.44963,0.9863970854388464,False,True
OPC,all_donors,LGALS9,3,-0.20428,0.25782,0.975842199658644,False,False
OPC,all_donors,VTN,2,-0.1593,-0.02285,,False,True
OPC,all_donors,SDF2,1,-0.41737,0.25686,0.9668347055013504,False,False
OPC,all_donors,DHRS13,1,-0.23541,0.71557,0.8625456819286104,False,False
OPC,all_donors,ABHD15,2,-0.02551,0.11247,,False,False
OPC,all_donors,TMEM98,1,0.40613,0.18504,0.9863970854388464,False,True
OPC,all_donors,MMP28,2,-0.47311,-0.23201,,False,True
OPC,all_donors,DHRS11,1,-0.10075,-0.14435,0.9877920929686972,False,True
OPC,all_donors,PLXDC1,2,-0.04055,-0.65258,0.8844311057111193,False,True
OPC,all_donors,IGFBP4,1,-0.0578,-0.56432,,False,True
OPC,all_donors,IFI35,1,-0.13773,0.48763,0.9691938722474084,False,False
OPC,all_donors,PYY,8,0.03726,-0.13828,,False,False
OPC,all_donors,GRN,3,-0.07853,0.29437,0.9691938722474084,False,False
OPC,all_donors,C1QL1,2,-0.04411,0.24628,0.9414007480171036,False,False
OPC,all_donors,MAPT,19,-0.08881,0.05233,0.9863970854388464,False,False
OPC,all_donors,WNT3,1,0.11226,0.64508,0.8938718950235183,False,True
OPC,all_donors,NXPH3,2,-0.17425,-0.74487,,False,True
OPC,all_donors,XYLT2,1,0.02593,-0.01959,0.9978584298112924,False,False
OPC,all_donors,CHAD,4,-0.15011,0.24739,0.9668347055013504,False,False
OPC,all_donors,SPATA20,1,0.03581,0.75917,0.8031794982694748,False,True
OPC,all_donors,CA10,3,0.35298,0.04967,0.9920453743775316,False,True
OPC,all_donors,C17orf67,1,-0.05856,-0.20049,0.9740661853879656,False,True
OPC,all_donors,SCPEP1,1,-0.24553,-0.04214,0.9912894282854396,False,True
OPC,all_donors,RNF43,3,-0.23065,0.56436,0.9420040864197532,False,False
OPC,all_donors,ACE,2,-0.19102,0.79814,,False,False
OPC,all_donors,FAM20A,13,-0.32856,0.1745,0.9899023761674208,False,False
OPC,all_donors,BTBD17,2,0.17618,0.94832,0.7278604257969344,False,True
OPC,all_donors,TIMP2,18,-0.01302,-0.0161,0.9962929182465184,False,True
OPC,all_donors,LGALS3BP,1,-0.07273,0.12312,0.988676595933298,False,False
OPC,all_donors,CANT1,5,-0.06522,0.90614,0.6913091777103828,False,False
OPC,all_donors,NPTX1,3,0.20367,-0.94975,0.8938718950235183,False,False
OPC,all_donors,P4HB,1,0.15107,0.13319,0.9824544322318568,False,True
OPC,all_donors,METRNL,1,0.06137,0.61919,0.8684717881123478,False,True
OPC,all_donors,CLUL1,5,0.16263,-0.16746,0.9920453743775316,False,False
OPC,all_donors,EMILIN2,3,0.93765,0.7502,0.8821299531106955,False,True
OPC,all_donors,LAMA1,25,-0.14637,-0.75925,0.7691927962822093,False,True
OPC,all_donors,TWSG1,1,-0.04624,0.14055,0.964468882117145,False,False
OPC,all_donors,LAMA3,29,-0.1467,0.34059,0.9801447104972468,False,False
OPC,all_donors,CHST9,8,-0.0237,0.04197,0.993012961945252,False,False
OPC,all_donors,TTR,8,0.36617,-2.83557,0.3681717365930461,False,False
OPC,all_donors,GALNT1,1,-0.48902,-0.21563,0.8549863165051483,False,True
OPC,all_donors,LIPG,4,0.2172,0.72742,0.9301833795889536,False,True
OPC,all_donors,C18orf54,1,0.17979,-0.07257,0.9912894282854396,False,False
OPC,all_donors,TCF4,89,0.09191,-0.16632,0.95215016282549,False,False
OPC,all_donors,CCBE1,36,-0.26605,-1.61062,0.3049915299033714,False,True
OPC,all_donors,CBLN2,17,0.14336,-0.22676,0.9769504046620408,False,False
OPC,all_donors,NETO1,2,0.17831,-0.09784,0.982822977659108,False,False
OPC,all_donors,CNDP1,1,0.37957,-0.84162,0.8250924226765189,False,False
OPC,all_donors,FGF22,1,-0.06983,0.99531,,False,False
OPC,all_donors,FSTL3,3,-0.13085,-0.14105,0.9911648806141224,False,True
OPC,all_donors,IZUMO4,1,0.17089,1.09756,,False,True
OPC,all_donors,AMH,1,0.09976,-0.14325,,False,False
OPC,all_donors,MYDGF,2,-0.03443,0.47604,0.9124467768147336,False,False
OPC,all_donors,HSD11B1L,1,0.19815,0.20604,0.982822977659108,False,True
OPC,all_donors,FUT6,2,-0.00547,-0.10323,,False,True
OPC,all_donors,C3,2,0.35882,0.57309,0.9691651800117266,False,True
OPC,all_donors,FBN3,2,-0.28195,0.01367,0.9978584298112924,False,False
OPC,all_donors,ANGPTL4,2,0.13449,0.46719,0.9691938722474084,False,True
OPC,all_donors,ADAMTS10,4,-0.40918,0.044,0.9940244255384256,False,False
OPC,all_donors,OLFM2,19,-0.05393,-0.12581,0.970817721048352,False,True
OPC,all_donors,COL5A3,2,-0.03616,0.181,0.9797387143713124,False,False
OPC,all_donors,EPOR,2,-0.08785,-0.50156,,False,True
OPC,all_donors,MAN2B1,2,-0.16781,0.3904,0.9406405014925728,False,False
OPC,all_donors,CALR,1,0.06069,0.00838,0.998532428187127,False,True
OPC,all_donors,PODNL1,2,0.09801,0.71328,,False,True
OPC,all_donors,SAMD1,1,0.22593,0.41743,0.9515095141987876,False,True
OPC,all_donors,ADGRE5,1,0.0224,1.01332,0.8147123654672245,False,True
OPC,all_donors,CPAMD8,2,0.27684,-0.66843,,False,False
OPC,all_donors,CRLF1,2,0.23548,-0.5377,,False,False
OPC,all_donors,NCAN,3,-0.48445,-0.70756,0.4398427137747852,False,True
OPC,all_donors,HAPLN4,1,-0.24783,0.55017,0.9515095141987876,False,False
OPC,all_donors,GPI,1,-0.05669,0.02192,0.9953289356055536,False,False
OPC,all_donors,SCGB2B2,13,-0.01802,0.06513,0.9863970854388464,False,False
OPC,all_donors,SCN1B,2,0.1412,0.56994,0.9452698562479264,False,True
OPC,all_donors,LGI4,1,0.01514,-0.69631,,False,False
OPC,all_donors,HAMP,3,-0.00183,-0.08912,0.9963776384270472,False,True
OPC,all_donors,HSPB6,1,0.14717,1.21528,,False,True
OPC,all_donors,CATSPERG,1,-0.04555,-0.35973,0.9452698562479264,False,True
OPC,all_donors,CCER2,1,0.27627,0.09998,0.9946674977591946,False,True
OPC,all_donors,FCGBP,6,0.29529,-0.232,,False,False
OPC,all_donors,LTBP4,7,-0.01752,-0.20258,0.9863970854388464,False,True
OPC,all_donors,TGFB1,2,-0.35778,0.22685,0.9863970854388464,False,False
OPC,all_donors,CXCL17,1,0.31231,0.07254,,False,True
OPC,all_donors,CEACAM1,1,-0.1974,-0.10716,0.9920453743775316,False,True
OPC,all_donors,PSG8,9,-0.48682,-0.21248,0.9877920929686972,False,True
OPC,all_donors,PINLYP,2,-0.06773,0.56037,0.8675803621252881,False,False
OPC,all_donors,PLAUR,2,0.03483,-0.53711,0.9596940414603538,False,False
OPC,all_donors,PVR,1,-0.35818,0.05823,0.9912894282854396,False,False
OPC,all_donors,APOE,3,-0.08286,0.15133,0.9877920929686972,False,False
OPC,all_donors,APOC1,2,0.09206,0.86176,0.8944160793522142,False,True
OPC,all_donors,APOC2,4,-0.14328,0.18299,0.988750092830326,False,False
OPC,all_donors,PGLYRP1,1,-0.13423,-1.1817,,False,True
OPC,all_donors,IGFL4,7,-0.00429,-0.61525,0.749170733419246,False,True
OPC,all_donors,FKRP,2,0.26034,0.00953,0.9980629726916592,False,True
OPC,all_donors,CA11,1,0.10681,-0.07244,0.9947067405987228,False,False
OPC,all_donors,NTN5,1,-0.05925,-0.0994,,False,True
OPC,all_donors,NUCB1,1,0.05225,0.28568,0.9571619666687806,False,True
OPC,all_donors,FLT3LG,2,0.16193,1.114,0.8288350000784421,False,True
OPC,all_donors,EMC10,2,-0.2385,0.43722,0.8114797366480652,False,False
OPC,all_donors,CLEC11A,2,0.15124,0.06387,0.9947067405987228,False,True
OPC,all_donors,KLK6,1,0.41838,-0.315,0.9863970854388464,False,False
OPC,all_donors,KLK7,2,-0.27088,-0.41347,,False,True
OPC,all_donors,IGLON5,2,-0.03634,0.13881,0.9868333685461788,False,False
OPC,all_donors,SSC5D,4,0.4244,0.43728,0.9735885885534497,False,True
OPC,all_donors,EDDM13,2,-0.21515,0.00178,0.9992469611201772,False,False
OPC,all_donors,A1BG,1,-0.30732,0.81754,0.9571619666687806,False,False
OPC,all_donors,RSPO4,2,-0.18397,0.94981,0.7997338762043479,False,False
OPC,all_donors,PDYN,2,-0.40175,0.83286,,False,False
OPC,all_donors,CPXM1,1,-0.42199,-0.79289,0.9414007480171036,False,True
OPC,all_donors,ATRN,1,0.10323,-0.01698,0.9958380101955552,False,False
OPC,all_donors,C20orf27,2,-0.03754,-0.30886,0.974218466816372,False,True
OPC,all_donors,CHGB,2,0.1715,0.36152,0.9769504046620408,False,True
OPC,all_donors,BMP2,3,-0.01902,-0.14927,0.982822977659108,False,True
OPC,all_donors,ISM1,1,-0.50344,0.08093,,False,False
OPC,all_donors,FLRT3,1,0.38233,-0.17223,0.982822977659108,False,False
OPC,all_donors,PCSK2,2,0.05065,-0.03184,0.9947067405987228,False,False
OPC,all_donors,CST3,2,0.09839,0.9011,0.705624175466279,False,True
OPC,all_donors,ENTPD6,1,0.0746,0.0758,0.9863970854388464,False,True
OPC,all_donors,ASIP,11,-0.15666,-0.17681,,False,True
OPC,all_donors,MMP24,1,0.4765,0.17422,0.9798261454517028,False,True
OPC,all_donors,SOGA1,2,0.36336,-0.30772,0.7709157804199066,False,False
OPC,all_donors,VSTM2L,2,-0.2237,-0.39618,0.9658659293615544,False,True
OPC,all_donors,EMILIN3,1,-0.09491,0.4332,0.95215016282549,False,False
OPC,all_donors,MATN4,3,0.28153,-0.43027,0.9571619666687806,False,False
OPC,all_donors,SDC4,1,0.18813,0.18925,0.9912894282854396,False,True
OPC,all_donors,WFDC2,2,-0.1707,0.38922,,False,False
OPC,all_donors,PLTP,1,-0.54439,0.25214,0.9863970854388464,False,False
OPC,all_donors,CD40,1,0.56419,0.4633,,False,True
OPC,all_donors,SULF2,1,-0.03336,0.07119,0.9869913305522994,False,False
OPC,all_donors,BMP7,1,0.04278,0.09816,0.9704261062490552,False,True
OPC,all_donors,GNAS,21,0.02248,0.27712,0.878588999890484,False,True
OPC,all_donors,LAMA5,1,-0.28474,0.03123,0.9973477392005758,False,False
OPC,all_donors,COL9A3,1,0.04454,-0.54243,0.3898272161470633,False,False
OPC,all_donors,COL20A1,3,0.02805,0.05923,0.9920799220201402,False,True
OPC,all_donors,TNFRSF6B,2,0.08538,1.45091,0.5543390137293063,False,True
OPC,all_donors,LIPI,1,0.28292,0.55898,0.9414007480171036,False,True
OPC,all_donors,CXADR,1,0.23159,-0.06772,0.9869913305522994,False,False
OPC,all_donors,APP,8,0.38198,0.22201,0.8320949464835444,False,True
OPC,all_donors,ADAMTS1,2,0.18598,-0.02614,0.9977729943991704,False,False
OPC,all_donors,ADAMTS5,1,-0.10329,0.01579,0.9973477392005758,False,False
OPC,all_donors,C21orf62,1,-0.62878,1.09444,0.5275933496744157,False,False
OPC,all_donors,IFNAR2,1,0.19512,0.04112,0.9877920929686972,False,True
OPC,all_donors,DSCAM,91,-0.07366,-0.28736,0.8217056604353198,False,True
OPC,all_donors,ERVH48-1,2,-0.0027,0.7092,,False,False
OPC,all_donors,COL18A1,14,-0.18856,-0.51557,0.9452698562479264,False,True
OPC,all_donors,COL6A1,1,-0.10653,0.01814,0.9973477392005758,False,False
OPC,all_donors,COL6A2,3,-0.1671,1.12483,0.9356149977979724,False,False
OPC,all_donors,S100B,2,0.24475,0.42598,0.7997338762043479,False,True
OPC,all_donors,IL17RA,1,-0.01087,0.18915,0.9576680566332504,False,False
OPC,all_donors,ADA2,5,0.03484,0.20712,0.9691938722474084,False,True
OPC,all_donors,C22orf39,1,0.06359,-0.21555,0.982822977659108,False,False
OPC,all_donors,SERPIND1,4,0.08444,0.95173,,False,True
OPC,all_donors,IGLV10-54,1,-0.37494,-0.09337,,False,True
OPC,all_donors,IGLL1,1,0.08554,0.48449,,False,True
OPC,all_donors,MIF,1,-0.00319,0.0865,0.9946674977591946,False,False
OPC,all_donors,EMID1,1,0.24461,0.1983,0.9452535290127289,False,True
OPC,all_donors,TCN2,3,0.16274,0.31399,0.95215016282549,False,True
OPC,all_donors,BPIFC,1,-0.06502,0.29786,,False,False
OPC,all_donors,TIMP3,3,0.01785,0.31723,0.8675803621252881,False,True
OPC,all_donors,APOL4,2,-0.76842,0.6204,,False,False
OPC,all_donors,C1QTNF6,2,0.39746,0.24054,0.9735885885534497,False,True
OPC,all_donors,LGALS1,1,-0.09627,0.19696,0.982822977659108,False,False
OPC,all_donors,PDGFB,4,-0.12674,-0.00273,0.9992469611201772,False,True
OPC,all_donors,CHADL,2,0.05573,0.38781,0.9445926238513868,False,True
OPC,all_donors,CCDC134,1,-0.33005,-0.52672,0.8821299531106955,False,True
OPC,all_donors,SCUBE1,2,-0.88048,-2.22279,,False,True
OPC,all_donors,FBLN1,3,-0.31345,-0.02517,0.9978584298112924,False,True
OPC,all_donors,WNT7B,5,-0.03805,-0.50375,0.7624802113087851,False,True
OPC,all_donors,TAFA5,61,-0.01191,-0.05558,0.982822977659108,False,True
OPC,all_donors,CSF2RA,5,-0.05761,0.41272,0.982822977659108,False,False
OPC,all_donors,DHRSX,2,0.00496,-0.05161,0.9912894282854396,False,False
OPC,all_donors,ARSF,4,0.30217,-0.09249,0.9922539125278126,False,False
OPC,all_donors,MXRA5,2,-0.18202,-0.44233,,False,True
OPC,all_donors,ANOS1,1,0.28547,-0.16637,0.9654697958263334,False,False
OPC,all_donors,VEGFD,2,0.09423,0.81658,0.9397473715413,False,True
OPC,all_donors,APOO,1,0.09805,0.10498,0.982822977659108,False,True
OPC,all_donors,SRPX,1,0.20421,0.41891,0.9630932191986386,False,True
OPC,all_donors,NDP,2,-0.06977,0.20208,0.982822977659108,False,False
OPC,all_donors,DIPK2B,1,-0.17548,0.1257,,False,False
OPC,all_donors,TIMP1,1,0.44841,1.09162,0.5334330072091245,False,True
OPC,all_donors,PCSK1N,2,-0.43565,0.47046,0.9242196440792504,False,False
OPC,all_donors,EDA,5,-0.2287,-0.4626,0.3014952147798784,False,True
OPC,all_donors,PDZD11,1,0.06398,0.7949,0.8038827360758575,False,True
OPC,all_donors,SRPX2,2,-0.25245,0.59318,0.957645352504143,False,False
OPC,all_donors,COL4A6,2,0.16532,-0.46982,,False,False
OPC,all_donors,COL4A5,9,0.08551,-0.65582,0.961444011039232,False,False
OPC,all_donors,CHRDL1,1,-0.15337,0.2135,0.9654697958263334,False,False
OPC,all_donors,PGRMC1,1,-0.10779,0.24293,0.961444011039232,False,False
OPC,all_donors,APLN,2,-0.14227,0.59503,,False,False
OPC,all_donors,ENOX2,38,0.31855,0.19026,0.9668347055013504,False,True
OPC,all_donors,IGSF1,11,0.42386,-0.50483,0.9589380311569368,False,False
OPC,all_donors,GPC4,2,0.09844,-0.16499,0.9912664891822336,False,False
OPC,all_donors,FGF13,15,-0.33814,-1.27555,0.0080219534301493,True,True
OPC,all_donors,CD99L2,1,0.34853,-0.24917,0.8148198713163741,False,False
OPC,all_donors,BGN,1,0.04085,-0.26663,0.957645352504143,False,False
OPC,all_donors,FAM3A,1,0.01164,0.24455,0.9571619666687806,False,True
OPC,all_donors,F8,3,0.57522,0.65058,0.4445781262898198,False,True
OPC,min10_cells,ISG15,5,-0.32092,-0.2101,0.982822977659108,False,True
OPC,min10_cells,AGRN,1,-0.14447,-0.14124,0.982822977659108,False,True
OPC,min10_cells,VWA1,3,0.14332,0.70555,0.8033277824997774,False,True
OPC,min10_cells,MEGF6,25,-0.11636,0.9358,,False,False
OPC,min10_cells,TNFRSF25,1,-0.00888,0.12481,0.9899023761674208,False,False
OPC,min10_cells,CORT,1,-0.33609,0.59558,,False,False
OPC,min10_cells,ANGPTL7,2,-0.5277,-0.39853,,False,True
OPC,min10_cells,DRAXIN,2,0.11811,0.44294,0.976047620898481,False,True
OPC,min10_cells,NPPA,2,0.21356,1.05808,,False,True
OPC,min10_cells,TNFRSF1B,2,-0.09981,-0.29098,0.9877920929686972,False,True
OPC,min10_cells,CELA2B,1,-0.27099,0.01198,,False,False
OPC,min10_cells,NBL1,14,-0.07429,-0.00693,0.9992469611201772,False,True
OPC,min10_cells,HSPG2,2,-0.16746,-0.56465,0.9397473715413,False,True
OPC,min10_cells,WNT4,1,0.19795,-0.32882,0.982822977659108,False,False
OPC,min10_cells,C1QA,2,-0.35204,1.88336,0.8013035732062138,False,False
OPC,min10_cells,C1QC,3,-0.24969,1.33989,0.8625456819286104,False,False
OPC,min10_cells,C1QB,3,0.10758,1.4827,0.8386711315469725,False,True
OPC,min10_cells,MATN1,1,-0.52852,0.13801,0.9922539125278126,False,False
OPC,min10_cells,COL16A1,3,-0.03972,-0.15184,0.961444011039232,False,True
OPC,min10_cells,ADGRB2,5,0.08386,-0.09617,0.9868333685461788,False,False
OPC,min10_cells,FNDC5,2,0.05048,0.42732,0.9570649154016404,False,True
OPC,min10_cells,CSF3R,1,-0.37865,-0.71817,,False,True
OPC,min10_cells,EPHA10,3,0.21448,-2.17558,,False,False
OPC,min10_cells,BMP8A,3,-0.07619,0.2679,0.9804259394332088,False,False
OPC,min10_cells,BMP8B,2,0.06685,-0.57691,0.6402883414217986,False,False
OPC,min10_cells,PPT1,6,-0.2783,0.03922,0.9947067405987228,False,False
OPC,min10_cells,COL9A2,1,0.07047,0.13685,0.9735885885534497,False,True
OPC,min10_cells,YBX1,1,0.11132,0.1333,0.961444011039232,False,True
OPC,min10_cells,P3H1,1,-0.05815,-0.07267,0.9899023761674208,False,True
OPC,min10_cells,SVBP,1,0.02937,0.24605,0.982822977659108,False,True
OPC,min10_cells,ST3GAL3,7,0.03321,0.132,0.9439145354137234,False,True
OPC,min10_cells,SPATA6,1,0.0307,-0.31022,0.8675803621252881,False,False
OPC,min10_cells,GPX7,1,0.01962,0.45238,0.9445926238513868,False,True
OPC,min10_cells,PODN,1,-0.37429,-0.3415,0.9461915962633198,False,True
OPC,min10_cells,LRP8,1,0.20775,0.10519,0.982822977659108,False,True
OPC,min10_cells,CDCP2,1,0.6674,-0.41623,,False,False
OPC,min10_cells,LEPR,20,-0.27755,-0.06768,0.990300689545588,False,True
OPC,min10_cells,CCN1,2,0.04052,0.81225,,False,True
OPC,min10_cells,COL24A1,1,0.27254,-1.49256,0.3681717365930461,False,False
OPC,min10_cells,GBP1,1,0.1178,0.134,0.9946674977591946,False,True
OPC,min10_cells,TGFBR3,9,0.31939,-0.33813,0.9015655749210096,False,False
OPC,min10_cells,F3,2,-0.10595,0.01191,0.9978584298112924,False,False
OPC,min10_cells,EXTL2,1,0.03891,0.09316,0.982822977659108,False,True
OPC,min10_cells,OLFM3,25,0.11105,0.62876,0.929095767725206,False,True
OPC,min10_cells,COL11A1,1,-0.06717,-0.44731,0.6761315341529167,False,True
OPC,min10_cells,AMY2B,3,0.36261,0.0151,0.9973477392005758,False,True
OPC,min10_cells,CSF1,2,-0.00807,-0.06122,0.9956507156239238,False,True
OPC,min10_cells,WNT2B,3,-0.12736,0.39541,0.8844311057111193,False,False
OPC,min10_cells,NGF,1,-0.06293,-0.2674,0.929095767725206,False,True
OPC,min10_cells,CD160,3,-0.01606,-0.61913,,False,True
OPC,min10_cells,NOTCH2NLA,1,-0.11214,0.55115,0.833499920567623,False,False
OPC,min10_cells,NOTCH2NLC,1,-0.29794,-0.18558,0.9769504046620408,False,True
OPC,min10_cells,C1orf54,3,-0.10513,-0.28009,0.9877920929686972,False,True
OPC,min10_cells,ECM1,3,-0.3074,0.86565,0.8752076042777743,False,False
OPC,min10_cells,ADAMTSL4,2,0.03278,-0.20688,,False,False
OPC,min10_cells,CTSS,2,0.14104,-0.07962,0.995305224767897,False,False
OPC,min10_cells,CTSK,2,-0.26858,-0.13861,0.98495466623347,False,True
OPC,min10_cells,C1orf56,2,0.06987,0.0695,0.9947067405987228,False,True
OPC,min10_cells,TUFT1,1,-0.12522,0.2882,0.9801447104972468,False,False
OPC,min10_cells,S100A13,2,0.22211,0.38776,0.957645352504143,False,True
OPC,min10_cells,IL6R,3,-0.00525,-0.04289,0.9962929182465184,False,True
OPC,min10_cells,EFNA1,2,0.0484,0.85136,0.818567492270735,False,True
OPC,min10_cells,THBS3,1,-0.06534,-0.42868,0.9668347055013504,False,True
OPC,min10_cells,BGLAP,2,-0.19008,0.37472,,False,False
OPC,min10_cells,NAXE,2,0.03445,0.30011,0.9668347055013504,False,True
OPC,min10_cells,HAPLN2,1,-0.02098,0.99254,0.5543390137293063,False,False
OPC,min10_cells,BCAN,2,0.07993,0.0108,0.9978584298112924,False,True
OPC,min10_cells,HDGF,1,0.02615,0.01669,0.9978584298112924,False,True
OPC,min10_cells,COPA,1,-0.07335,-0.18537,0.8870217771662422,False,True
OPC,min10_cells,ADAMTS4,4,0.03822,0.5159,,False,True
OPC,min10_cells,FCGR3A,1,-0.03928,1.24918,,False,False
OPC,min10_cells,OLFML2B,14,-0.05971,-0.46543,,False,True
OPC,min10_cells,CREG1,1,-0.12187,-0.08817,0.9868333685461788,False,True
OPC,min10_cells,F5,2,-0.55261,0.81885,,False,False
OPC,min10_cells,TNR,3,-0.21551,-0.13901,0.9397473715413,False,True
OPC,min10_cells,PAPPA2,1,0.00081,0.53943,0.9239209566949876,False,True
OPC,min10_cells,BRINP2,1,-0.03087,-0.32856,0.6633950713599098,False,True
OPC,min10_cells,ANGPTL1,1,-0.51834,-0.0813,0.9899023761674208,False,True
OPC,min10_cells,QSOX1,2,0.40287,0.17831,0.9573057716528618,False,True
OPC,min10_cells,MR1,1,0.15286,1.18981,,False,True
OPC,min10_cells,LAMC1,1,0.19306,0.26573,0.8353089320160524,False,True
OPC,min10_cells,HMCN1,1,-0.46433,-1.32846,,False,True
OPC,min10_cells,BRINP3,3,0.00331,0.0786,0.9863970854388464,False,True
OPC,min10_cells,CFH,2,-0.31771,1.43997,,False,False
OPC,min10_cells,CRB1,31,0.08703,-0.62699,0.1658553013479896,False,False
OPC,min10_cells,RNPEP,1,0.32601,0.37677,0.8947085801748207,False,True
OPC,min10_cells,CHI3L1,2,0.05339,0.20166,,False,True
OPC,min10_cells,CHIT1,1,0.12965,0.31482,,False,True
OPC,min10_cells,PRELP,3,-0.0501,0.47346,0.9654697958263334,False,False
OPC,min10_cells,OPTC,3,-0.47382,0.39827,0.9774324359047186,False,False
OPC,min10_cells,CNTN2,2,-0.16981,0.10036,0.9912894282854396,False,False
OPC,min10_cells,PM20D1,2,0.05818,0.18073,0.9912894282854396,False,True
OPC,min10_cells,C4BPB,1,0.07633,-0.71909,,False,False
OPC,min10_cells,C4BPA,1,-0.20477,0.16657,0.988750092830326,False,False
OPC,min10_cells,CD55,1,-0.1362,0.00192,0.9992469611201772,False,False
OPC,min10_cells,LAMB3,3,0.20372,-0.25886,,False,False
OPC,min10_cells,NENF,1,0.08207,0.3833,0.9296733525533228,False,True
OPC,min10_cells,VASH2,2,-0.39514,-0.3634,0.975842199658644,False,True
OPC,min10_cells,USH2A,2,-0.2618,-0.05338,0.9947067405987228,False,True
OPC,min10_cells,TGFB2,3,0.07068,-0.83555,0.6402883414217986,False,False
OPC,min10_cells,SUSD4,1,0.05183,-0.20685,0.8892717447577536,False,False
OPC,min10_cells,LEFTY1,2,-0.04532,0.05026,0.9947067405987228,False,False
OPC,min10_cells,WNT9A,2,-0.30502,0.29826,,False,False
OPC,min10_cells,GALNT2,1,0.10406,0.03499,0.9912894282854396,False,True
OPC,min10_cells,AGT,1,-0.12237,0.93211,0.7676363080398282,False,False
OPC,min10_cells,NID1,2,0.04696,0.07991,0.989968921879016,False,True
OPC,min10_cells,GREM2,1,0.07365,-0.68649,0.952905230988968,False,False
OPC,min10_cells,NLRP3,2,-0.14937,0.20959,,False,False
OPC,min10_cells,ALKAL2,1,0.34699,-0.53287,,False,False
OPC,min10_cells,PXDN,1,-0.02688,-0.03979,0.989968921879016,False,True
OPC,min10_cells,COLEC11,5,-0.08471,2.07716,0.7329775307866214,False,False
OPC,min10_cells,SDC1,1,-0.06741,-0.79148,,False,True
OPC,min10_cells,EMILIN1,1,-0.01859,0.3487,,False,False
OPC,min10_cells,CGREF1,2,-0.32507,0.13315,0.982822977659108,False,False
OPC,min10_cells,UCN,2,-0.26275,-0.0987,0.9947067405987228,False,True
OPC,min10_cells,FNDC4,1,0.03066,0.22184,0.9798261454517028,False,True
OPC,min10_cells,LTBP1,27,0.07819,-0.345,0.7676363080398282,False,False
OPC,min10_cells,CRIM1,2,0.23443,-0.05408,0.9889642628149398,False,False
OPC,min10_cells,QPCT,2,-0.5274,0.57343,0.9445926238513868,False,False
OPC,min10_cells,PKDCC,2,0.25766,0.22778,0.9774324359047186,False,True
OPC,min10_cells,EFEMP1,1,-0.1987,0.46485,0.9668347055013504,False,False
OPC,min10_cells,TGFA,2,0.28188,0.20084,0.9555852433695708,False,True
OPC,min10_cells,PRADC1,1,0.23425,0.61633,0.8821299531106955,False,True
OPC,min10_cells,LOXL3,1,-0.11779,-0.01371,0.9973477392005758,False,True
OPC,min10_cells,THNSL2,2,-0.07831,0.61036,0.9301833795889536,False,False
OPC,min10_cells,MGAT4A,11,0.08583,-0.06036,0.9863970854388464,False,False
OPC,min10_cells,CREG2,2,0.14175,-0.48795,0.970817721048352,False,False
OPC,min10_cells,IL1R1,9,0.053,0.43094,,False,True
OPC,min10_cells,ECRG4,1,0.16814,0.48195,,False,True
OPC,min10_cells,FBLN7,2,-0.19379,0.1946,0.961444011039232,False,False
OPC,min10_cells,C1QL2,1,0.25202,0.7659,0.2738876447573404,False,True
OPC,min10_cells,INHBB,1,0.15968,-0.18008,0.9863970854388464,False,False
OPC,min10_cells,MGAT5,36,0.18331,-0.02189,0.9931175869021284,False,False
OPC,min10_cells,NXPH2,3,-0.1035,-0.30486,,False,True
OPC,min10_cells,LYPD6,3,0.18272,-0.37362,0.9100789081985208,False,False
OPC,min10_cells,NMI,1,0.20786,0.46236,0.8917739076060818,False,True
OPC,min10_cells,TNFAIP6,2,-0.31354,-0.07257,0.9947067405987228,False,True
OPC,min10_cells,PLA2R1,3,0.14039,0.02028,0.9978584298112924,False,True
OPC,min10_cells,DPP4,2,-0.15309,0.47741,,False,False
OPC,min10_cells,FRZB,2,-0.05975,-0.34325,0.9301833795889536,False,True
OPC,min10_cells,TFPI,3,0.09728,1.99478,0.569319692049319,False,True
OPC,min10_cells,COL5A2,1,-1.44241,0.10211,0.9877920929686972,False,False
OPC,min10_cells,MSTN,4,-0.36139,-0.99776,,False,True
OPC,min10_cells,TMEFF2,3,0.14904,-0.07713,0.9863970854388464,False,False
OPC,min10_cells,NRP2,2,0.61843,0.95029,0.705624175466279,False,True
OPC,min10_cells,ADAM23,1,0.32972,-0.32602,0.8266056011095922,False,False
OPC,min10_cells,VWC2L,1,-0.09851,1.12356,0.705624175466279,False,False
OPC,min10_cells,FN1,1,0.00472,0.06715,0.9912894282854396,False,True
OPC,min10_cells,IGFBP2,4,-0.11454,-0.01693,0.9985904936820236,False,True
OPC,min10_cells,IGFBP5,2,0.07721,0.32927,0.9571619666687806,False,True
OPC,min10_cells,ABCB6,1,0.08853,-0.05447,0.9947067405987228,False,False
OPC,min10_cells,GLB1L,2,-0.05337,0.6423,,False,False
OPC,min10_cells,INHA,1,0.08772,-0.37733,,False,False
OPC,min10_cells,SCG2,2,0.44049,0.22945,0.9668347055013504,False,True
OPC,min10_cells,SERPINE2,3,0.12699,0.17394,0.9105953647814036,False,True
OPC,min10_cells,COL4A4,1,-0.16527,-0.40038,0.7771667682936796,False,True
OPC,min10_cells,COL4A3,1,-0.16527,-0.20423,0.9691938722474084,False,True
OPC,min10_cells,SNORC,2,-0.09794,-0.13831,0.982822977659108,False,True
OPC,min10_cells,COL6A3,6,0.05143,-1.11463,,False,False
OPC,min10_cells,GPC1,6,0.05938,0.30409,0.9414007480171036,False,True
OPC,min10_cells,SNED1,12,-0.33628,0.44355,0.9137310777534228,False,False
OPC,min10_cells,CHL1,31,-0.08726,0.23595,0.8031311582227664,False,False
OPC,min10_cells,CNTN4,69,-0.09937,-0.53169,0.7104652860265886,False,True
OPC,min10_cells,IL17RE,2,0.11954,0.2867,0.982822977659108,False,True
OPC,min10_cells,GHRL,4,-0.5893,-0.58508,,False,True
OPC,min10_cells,TIMP4,1,0.00829,0.50094,0.9110040875740087,False,True
OPC,min10_cells,FBLN2,6,-0.45529,-0.09361,0.9912894282854396,False,True
OPC,min10_cells,WNT7A,1,0.13639,-0.17894,0.9863970854388464,False,False
OPC,min10_cells,COLQ,7,-0.65179,0.13778,0.9774324359047186,False,False
OPC,min10_cells,BTD,8,0.16901,-0.10371,0.95916231613285,False,False
OPC,min10_cells,TGFBR2,2,-0.02799,-0.08637,0.9947067405987228,False,True
OPC,min10_cells,CRTAP,1,0.06788,-0.10613,0.982822977659108,False,False
OPC,min10_cells,PDCD6IP,1,0.48878,0.09375,0.9668347055013504,False,True
OPC,min10_cells,CCK,4,0.01892,0.98988,0.9301833795889536,False,True
OPC,min10_cells,GASK1A,2,-0.69731,-0.52528,0.3854005494740879,False,True
OPC,min10_cells,CDCP1,2,0.53503,-0.31942,,False,False
OPC,min10_cells,CSPG5,1,0.07653,0.17069,0.9552166064657044,False,True
OPC,min10_cells,SPINK8,1,-0.02614,-0.3725,0.982822977659108,False,True
OPC,min10_cells,PLXNB1,4,0.00023,0.36355,0.9237072195369944,False,True
OPC,min10_cells,COL7A1,3,0.1374,0.2073,,False,True
OPC,min10_cells,LAMB2,1,-0.12422,-1.01837,,False,True
OPC,min10_cells,DAG1,1,0.08444,0.29268,0.8831118083929482,False,True
OPC,min10_cells,MST1,1,0.16563,0.14425,0.9877920929686972,False,True
OPC,min10_cells,SEMA3B,3,-0.17738,1.10188,0.7132358981422527,False,False
OPC,min10_cells,HYAL1,2,-0.31429,0.29309,0.9863970854388464,False,False
OPC,min10_cells,MANF,1,0.23071,0.10079,0.990300689545588,False,True
OPC,min10_cells,ITIH4,1,-0.57468,-0.15365,0.9932616614993,False,True
OPC,min10_cells,MUSTN1,2,-0.53647,-0.03853,,False,True
OPC,min10_cells,IL17RB,2,0.24631,0.36504,0.7669987700812514,False,True
OPC,min10_cells,WNT5A,6,-0.01726,-0.50884,0.699235827199917,False,True
OPC,min10_cells,ADAMTS9,2,0.2511,0.4221,0.705624175466279,False,True
OPC,min10_cells,TAFA1,53,-0.04116,-0.4751,0.5331922884156,False,True
OPC,min10_cells,TAFA4,1,0.33031,-0.10252,0.9956507156239238,False,False
OPC,min10_cells,EPHA3,1,-0.26496,0.13451,0.9930239719889796,False,False
OPC,min10_cells,PROS1,2,0.02777,-0.1946,0.957645352504143,False,False
OPC,min10_cells,COL8A1,1,-0.36089,-0.57074,0.9452698562479264,False,True
OPC,min10_cells,ABI3BP,1,-0.05205,-0.68163,0.9029484504845984,False,True
OPC,min10_cells,NXPE3,4,0.19406,0.13054,0.9557397033106514,False,True
OPC,min10_cells,ZPLD1,26,-0.13414,-0.28493,0.982822977659108,False,True
OPC,min10_cells,ALCAM,33,0.06424,-0.10211,0.9740661853879656,False,False
OPC,min10_cells,BTLA,1,0.0975,0.62993,,False,True
OPC,min10_cells,CCDC80,2,-0.03111,-1.2827,,False,True
OPC,min10_cells,CD200R1,2,0.03448,-0.09357,,False,False
OPC,min10_cells,B4GALT4,3,0.23884,0.10916,0.982822977659108,False,True
OPC,min10_cells,FSTL1,1,-0.13878,0.05314,0.9920453743775316,False,False
OPC,min10_cells,MUC13,1,0.21297,-1.18497,,False,False
OPC,min10_cells,HEG1,1,0.1185,0.01535,0.9973477392005758,False,True
OPC,min10_cells,COL6A6,1,0.36973,0.1467,0.98495466623347,False,True
OPC,min10_cells,TF,4,-0.1958,-0.18374,0.982822977659108,False,True
OPC,min10_cells,PCOLCE2,1,0.18492,0.10621,0.982822977659108,False,True
OPC,min10_cells,DIPK2A,1,0.21051,-0.15651,0.9774324359047186,False,False
OPC,min10_cells,CPB1,5,0.05134,0.92978,,False,True
OPC,min10_cells,CP,2,0.60387,0.10052,0.9912894282854396,False,True
OPC,min10_cells,IGSF10,2,-0.16151,-0.08026,0.989968921879016,False,True
OPC,min10_cells,C3orf33,1,0.09012,-0.18203,0.9487572997727816,False,False
OPC,min10_cells,PTX3,1,-0.13755,0.4248,,False,False
OPC,min10_cells,RARRES1,2,0.2496,0.00973,0.998532428187127,False,True
OPC,min10_cells,IL12A,2,-0.37954,-0.49861,,False,True
OPC,min10_cells,BCHE,2,-0.17883,-0.33798,0.8325624388227194,False,True
OPC,min10_cells,SERPINI1,1,0.03292,0.02761,0.9947067405987228,False,True
OPC,min10_cells,CHRD,3,-0.20739,-0.14811,0.9863970854388464,False,True
OPC,min10_cells,KNG1,1,0.19933,-0.25176,,False,False
OPC,min10_cells,ST6GAL1,29,0.11105,0.20082,0.9571619666687806,False,True
OPC,min10_cells,MASP1,2,0.29107,0.09373,0.9863970854388464,False,True
OPC,min10_cells,SST,1,-0.79945,-0.92301,0.9397473715413,False,True
OPC,min10_cells,IL1RAP,12,0.04758,0.11649,0.982822977659108,False,True
OPC,min10_cells,UTS2B,7,0.20309,0.27414,0.9863970854388464,False,True
OPC,min10_cells,APOD,3,-0.05348,0.94967,0.6800426412334192,False,False
OPC,min10_cells,MUC20,3,-0.28274,-0.38062,0.957645352504143,False,True
OPC,min10_cells,TFRC,1,0.18339,0.02938,0.9953039627164572,False,True
OPC,min10_cells,FBXO45,1,0.14643,0.16746,0.982822977659108,False,True
OPC,min10_cells,SPON2,11,0.07539,-0.20565,0.9893836395617874,False,False
OPC,min10_cells,FGFR3,2,0.19375,0.37568,0.9067427924021948,False,True
OPC,min10_cells,C4orf48,1,-0.28224,0.32131,0.9668347055013504,False,False
OPC,min10_cells,CYTL1,2,0.08877,0.92056,,False,True
OPC,min10_cells,MAN2B2,1,0.39508,0.07275,0.9912664891822336,False,True
OPC,min10_cells,C1QTNF7,20,0.01387,-0.0175,0.9974002012488424,False,False
OPC,min10_cells,SLIT2,2,0.1304,-1.00985,0.3792393045700606,False,False
OPC,min10_cells,SOD3,1,0.19618,0.58967,,False,True
OPC,min10_cells,LGI2,2,-0.13602,-0.03454,0.9962929182465184,False,True
OPC,min10_cells,SMIM20,1,0.01701,-0.06811,0.9899023761674208,False,False
OPC,min10_cells,CORIN,10,0.01095,-0.44348,0.9121395219232,False,False
OPC,min10_cells,ERVMER34-1,1,-0.76492,-1.00099,,False,True
OPC,min10_cells,IGFBP7,1,0.13078,-0.19744,0.982822977659108,False,False
OPC,min10_cells,TMPRSS11D,1,-0.32628,0.24172,0.9727119476965986,False,False
OPC,min10_cells,ADAMTS3,1,-0.07949,-0.84829,0.6761315341529167,False,True
OPC,min10_cells,ALB,1,0.03877,-2.3786,,False,False
OPC,min10_cells,BTC,1,-0.19492,-0.24983,0.982822977659108,False,True
OPC,min10_cells,ANTXR2,1,0.12073,0.16755,0.961444011039232,False,True
OPC,min10_cells,FGF5,1,0.35768,0.0741,,False,True
OPC,min10_cells,HPSE,2,0.05521,-0.66502,,False,False
OPC,min10_cells,SPARCL1,3,0.35312,0.28664,0.948604501391468,False,True
OPC,min10_cells,SPP1,4,0.64465,1.25394,0.8105750215479672,False,True
OPC,min10_cells,PKD2,8,0.02014,-0.02343,0.9945755801501868,False,False
OPC,min10_cells,SNCA,1,0.08117,0.01052,0.9973477392005758,False,True
OPC,min10_cells,NPNT,1,0.25674,0.58892,0.9704261062490552,False,True
OPC,min10_cells,AIMP1,1,0.18916,0.31442,0.8821299531106955,False,True
OPC,min10_cells,DKK2,21,-0.04173,-0.07838,0.9931175869021284,False,True
OPC,min10_cells,COL25A1,30,-0.26366,-0.69992,0.7624802113087851,False,True
OPC,min10_cells,PLA2G12A,1,-0.25156,0.00162,0.9992469611201772,False,False
OPC,min10_cells,ARSJ,1,0.07031,-0.33969,,False,False
OPC,min10_cells,PRSS12,1,-0.85232,-1.3808,0.8392948528333727,False,True
OPC,min10_cells,FGF2,1,0.30337,0.17474,0.9570649154016404,False,True
OPC,min10_cells,ABHD18,1,-0.11,0.06672,0.9863970854388464,False,False
OPC,min10_cells,PGRMC2,2,0.02107,-0.14963,0.9642360436718956,False,False
OPC,min10_cells,IL15,9,-0.07933,-0.23535,0.982822977659108,False,True
OPC,min10_cells,FREM3,1,-0.2659,-0.97244,0.3708652348260843,False,True
OPC,min10_cells,HHIP,2,-0.03552,0.23695,0.982822977659108,False,False
OPC,min10_cells,PRSS48,1,-0.21735,0.25931,0.961444011039232,False,False
OPC,min10_cells,SFRP2,3,0.02578,-0.18801,,False,False
OPC,min10_cells,PDGFC,2,0.05383,-0.00639,0.998532428187127,False,False
OPC,min10_cells,FSTL5,1,-0.54618,-1.6348,0.0676535925295278,True,True
OPC,min10_cells,CPE,1,0.09211,0.07674,0.982822977659108,False,True
OPC,min10_cells,TLL1,1,-0.13894,-1.14374,0.1491612974282209,False,True
OPC,min10_cells,SPOCK3,24,0.05215,-0.07215,0.9863970854388464,False,False
OPC,min10_cells,HMGB2,1,-0.04136,0.26346,0.975842199658644,False,False
OPC,min10_cells,SCRG1,1,0.11531,-7e-05,0.9998416289768544,False,False
OPC,min10_cells,VEGFC,1,-0.353,-0.73891,,False,True
OPC,min10_cells,SNX25,3,0.08471,-0.07102,0.9863970854388464,False,False
OPC,min10_cells,KLKB1,1,0.11093,0.35191,0.957645352504143,False,True
OPC,min10_cells,EXOC3-AS1,2,-0.10362,-0.3255,0.9774324359047186,False,True
OPC,min10_cells,ADAMTS16,2,-0.05218,-0.18398,0.9863970854388464,False,True
OPC,min10_cells,NSUN2,1,-0.01577,-0.27703,0.8649243946727402,False,True
OPC,min10_cells,PDZD2,1,0.26429,0.24996,0.8691691484087769,False,True
OPC,min10_cells,ADAMTS12,2,-0.34741,-0.38232,,False,True
OPC,min10_cells,C1QTNF3,2,-0.09887,-0.16339,0.9667133922785546,False,True
OPC,min10_cells,PRLR,28,-0.05229,-0.55617,0.9668347055013504,False,True
OPC,min10_cells,GDNF,4,0.15716,-0.01618,0.998532428187127,False,False
OPC,min10_cells,EGFLAM,25,0.01743,-0.42057,,False,False
OPC,min10_cells,LIFR,11,0.31388,0.51171,0.718717985501156,False,True
OPC,min10_cells,GHR,16,0.01191,-0.4212,0.8649243946727402,False,False
OPC,min10_cells,SELENOP,5,0.62492,0.6409,0.8649243946727402,False,True
OPC,min10_cells,FGF10,1,0.21135,0.41841,,False,True
OPC,min10_cells,IL6ST,5,0.32663,0.02259,0.9946244983853348,False,True
OPC,min10_cells,ADAMTS6,2,0.06184,-0.65963,0.5174567143641736,False,False
OPC,min10_cells,CARTPT,1,-1.02001,-0.32624,0.9868333685461788,False,True
OPC,min10_cells,CRHBP,2,0.19863,-0.21137,,False,False
OPC,min10_cells,AGGF1,1,0.06049,0.06688,0.9863970854388464,False,True
OPC,min10_cells,ZBED3,1,-0.1425,-0.07662,0.982822977659108,False,True
OPC,min10_cells,THBS4,2,0.24812,0.09647,0.982822977659108,False,True
OPC,min10_cells,VCAN,2,-0.03704,0.02213,0.9947067405987228,False,False
OPC,min10_cells,HAPLN1,5,0.09171,-0.34684,0.9414007480171036,False,False
OPC,min10_cells,EDIL3,2,0.17915,-0.15455,0.923049594057106,False,False
OPC,min10_cells,ARSK,1,0.08476,-0.20913,0.9596940414603538,False,False
OPC,min10_cells,PCSK1,2,-0.29572,-0.36374,0.982822977659108,False,True
OPC,min10_cells,ERAP1,2,0.30728,-0.15076,0.9735885885534497,False,False
OPC,min10_cells,ERAP2,3,-0.03892,0.13193,0.9863970854388464,False,False
OPC,min10_cells,LNPEP,2,0.18555,-0.19648,0.9281923121406344,False,False
OPC,min10_cells,ST8SIA4,2,-0.29049,-0.30791,0.982822977659108,False,True
OPC,min10_cells,PAM,2,-0.05246,-0.13145,0.9735885885534497,False,True
OPC,min10_cells,FBN2,11,-0.17465,-0.59212,0.7694427096228245,False,True
OPC,min10_cells,ADAMTS19,2,0.02148,-0.13595,0.9863970854388464,False,False
OPC,min10_cells,GDF9,1,-0.16217,0.50556,,False,False
OPC,min10_cells,LEAP2,1,-0.92444,-1.37009,,False,True
OPC,min10_cells,FSTL4,1,-0.30506,0.1454,0.982822977659108,False,False
OPC,min10_cells,CXCL14,1,-0.03045,-0.27265,0.982822977659108,False,True
OPC,min10_cells,SPOCK1,66,-0.12873,0.03979,0.9946674977591946,False,False
OPC,min10_cells,NRG2,33,-0.09037,-0.14882,0.9445926238513868,False,True
OPC,min10_cells,HBEGF,1,-0.20251,0.03704,0.9973477392005758,False,False
OPC,min10_cells,CD14,2,0.37382,0.4703,0.9863970854388464,False,True
OPC,min10_cells,PCDHA1,1,-0.38827,-0.21595,0.982822977659108,False,True
OPC,min10_cells,PCDHA6,1,-0.2846,-0.62494,0.8844311057111193,False,True
OPC,min10_cells,PCDHA10,1,-0.07814,-0.03233,0.9947067405987228,False,True
OPC,min10_cells,PCDH12,2,0.10502,0.27191,0.982822977659108,False,True
OPC,min10_cells,NDFIP1,2,-0.11448,-0.02973,0.993012961945252,False,True
OPC,min10_cells,FGF1,19,0.26724,0.22631,0.9668347055013504,False,True
OPC,min10_cells,SPINK9,2,-0.13978,0.30241,0.975842199658644,False,False
OPC,min10_cells,PCYOX1L,2,-0.03629,-0.15504,0.982822977659108,False,True
OPC,min10_cells,ARSI,13,0.11776,-0.23388,,False,False
OPC,min10_cells,CD74,3,-0.2823,1.98079,0.375267674759225,False,False
OPC,min10_cells,GPX3,2,-0.0274,0.18728,,False,False
OPC,min10_cells,SPARC,2,0.04887,0.12082,0.98495466623347,False,True
OPC,min10_cells,C1QTNF2,1,-0.01696,1.5662,,False,False
OPC,min10_cells,SLIT3,92,-0.13991,-1.00781,0.8398721567314559,False,True
OPC,min10_cells,ADAMTS2,1,-0.24811,-0.68034,,False,True
OPC,min10_cells,SERPINB1,1,0.20086,0.42753,0.9506947121898752,False,True
OPC,min10_cells,F13A1,1,0.51316,-1.25896,,False,False
OPC,min10_cells,LY86,2,-0.36482,0.63386,0.9774324359047186,False,False
OPC,min10_cells,BMP6,2,-0.10045,-3.06265,,False,True
OPC,min10_cells,EDN1,3,0.33835,0.44153,,False,True
OPC,min10_cells,GFOD1,24,-0.07993,-0.117,0.9769504046620408,False,True
OPC,min10_cells,KIAA0319,18,-0.24071,-0.57211,0.8612276507167523,False,True
OPC,min10_cells,SCGN,1,-0.01101,0.7426,0.9704261062490552,False,False
OPC,min10_cells,GABBR1,2,-0.14902,0.01476,0.9973477392005758,False,False
OPC,min10_cells,HLA-E,2,-0.11134,0.95859,0.8675803621252881,False,False
OPC,min10_cells,DDR1,4,0.23518,0.21936,0.943759932883358,False,True
OPC,min10_cells,SFTA2,5,0.53755,-0.35602,,False,False
OPC,min10_cells,BAG6,1,0.14875,0.20335,0.9741996048414252,False,True
OPC,min10_cells,APOM,1,0.14875,-0.69656,,False,False
OPC,min10_cells,LY6G5C,1,-0.03564,0.01574,,False,False
OPC,min10_cells,HSPA1A,1,0.29845,0.86563,0.9452698562479264,False,True
OPC,min10_cells,C2,8,0.11286,0.05015,0.9956507156239238,False,True
OPC,min10_cells,TNXB,11,0.12263,0.52866,0.9506947121898752,False,True
OPC,min10_cells,EGFL8,1,0.74349,0.00624,0.9992469611201772,False,True
OPC,min10_cells,COL11A2,3,0.10006,-0.40816,0.9634755319602968,False,False
OPC,min10_cells,CUTA,2,0.03766,0.86162,0.705624175466279,False,True
OPC,min10_cells,SCUBE3,1,-0.39771,-0.51383,0.8821299531106955,False,True
OPC,min10_cells,PI16,5,-0.35178,1.70769,,False,False
OPC,min10_cells,TREM2,3,-0.0604,1.71185,0.7496616721570952,False,False
OPC,min10_cells,PTK7,1,-0.09833,0.02227,0.9973477392005758,False,False
OPC,min10_cells,VEGFA,1,0.21415,-0.51587,0.9119242969821182,False,False
OPC,min10_cells,HSP90AB1,1,0.04273,0.13497,0.9863970854388464,False,True
OPC,min10_cells,ENPP5,2,-0.05431,0.35271,0.9397473715413,False,False
OPC,min10_cells,PLA2G7,2,0.13803,0.48101,0.8932563117716525,False,True
OPC,min10_cells,COL21A1,15,0.03892,-0.46867,0.958841586558432,False,False
OPC,min10_cells,EYS,16,-0.11226,-0.8169,0.555433015098354,False,True
OPC,min10_cells,COL19A1,3,0.22499,0.43944,0.9124467768147336,False,True
OPC,min10_cells,COL9A1,5,-0.19072,-0.36093,0.8385199124480828,False,True
OPC,min10_cells,COL12A1,5,-0.27621,-1.21658,0.1958623321785362,False,True
OPC,min10_cells,PRSS35,1,0.20208,-0.05804,,False,False
OPC,min10_cells,CD164,2,0.02704,-0.02325,0.9956507156239238,False,False
OPC,min10_cells,METTL24,1,0.16789,0.18425,0.9571619666687806,False,True
OPC,min10_cells,LAMA4,2,0.19719,-0.14977,0.9774324359047186,False,False
OPC,min10_cells,SMPDL3A,1,0.24056,-0.0703,0.9899023761674208,False,False
OPC,min10_cells,RSPO3,1,0.11962,0.28823,0.982822977659108,False,True
OPC,min10_cells,LAMA2,1,0.01027,-0.30591,0.95215016282549,False,False
OPC,min10_cells,ENPP3,2,0.08046,-0.20617,0.982822977659108,False,False
OPC,min10_cells,ENPP1,1,-0.20185,-0.82366,0.641876450831011,False,True
OPC,min10_cells,CCN2,1,0.45493,0.5166,0.9627106486024588,False,True
OPC,min10_cells,FUCA2,1,0.28222,0.11572,0.9877920929686972,False,True
OPC,min10_cells,RAET1E,3,0.63496,0.20651,,False,True
OPC,min10_cells,VIP,2,0.20868,0.34452,,False,True
OPC,min10_cells,FNDC1,1,-0.11864,-0.54228,0.9824544322318568,False,True
OPC,min10_cells,LPA,2,0.62564,0.08487,,False,True
OPC,min10_cells,RNASET2,1,-0.07677,0.24089,0.9452698562479264,False,False
OPC,min10_cells,SMOC2,35,-0.39384,-0.86874,0.5957790264476371,False,True
OPC,min10_cells,THBS2,2,-0.32785,-0.45115,0.6884657891340026,False,True
OPC,min10_cells,C6orf120,2,-0.06137,0.51349,0.876102125016221,False,False
OPC,min10_cells,FAM20C,1,0.19014,0.14828,0.982822977659108,False,True
OPC,min10_cells,PDGFA,2,0.32707,-0.38642,0.9571619666687806,False,False
OPC,min10_cells,NXPH1,48,0.13387,0.0754,0.9877920929686972,False,True
OPC,min10_cells,THSD7A,1,0.10615,-0.22426,0.949916379795608,False,False
OPC,min10_cells,VWDE,1,0.1801,0.13735,,False,True
OPC,min10_cells,CCDC126,1,0.35147,-0.11384,0.982822977659108,False,False
OPC,min10_cells,NPY,3,-0.74032,-0.84462,,False,True
OPC,min10_cells,HNRNPA2B1,1,0.25337,0.07094,0.9739153809169848,False,True
OPC,min10_cells,BMPER,1,-0.00627,-1.07003,0.1185102555084272,False,True
OPC,min10_cells,AOAH,2,-0.03586,-0.28629,0.9452698562479264,False,True
OPC,min10_cells,EPDR1,27,0.09442,-0.41475,0.5543390137293063,False,False
OPC,min10_cells,SFRP4,1,0.26376,-0.04613,0.9946674977591946,False,False
OPC,min10_cells,INHBA,3,0.21023,0.69921,0.705624175466279,False,True
OPC,min10_cells,AEBP1,6,-0.1886,0.468,0.957645352504143,False,False
OPC,min10_cells,PPIA,1,0.09152,0.34805,0.9479210691622438,False,True
OPC,min10_cells,IGFBP3,3,0.32856,0.91936,0.8927854116767509,False,True
OPC,min10_cells,VWC2,1,0.11712,-0.17569,0.957645352504143,False,False
OPC,min10_cells,ZPBP,1,-0.14874,-0.19624,0.9654697958263334,False,True
OPC,min10_cells,VSTM2A,2,0.00583,-0.41428,0.86358302022799,False,False
OPC,min10_cells,EGFR,44,0.00187,0.21392,0.9414007480171036,False,True
OPC,min10_cells,STX1A,4,0.02403,0.06943,0.9956507156239238,False,True
OPC,min10_cells,ELN,1,0.12506,-0.18138,0.9668347055013504,False,False
OPC,min10_cells,SSC4D,2,0.44612,-0.20403,,False,False
OPC,min10_cells,ZP3,10,0.06828,-0.39359,0.9774324359047186,False,False
OPC,min10_cells,FGL2,2,-0.0033,0.24849,0.9892806380921212,False,False
OPC,min10_cells,SEMA3C,2,-0.07282,0.1711,0.9868333685461788,False,False
OPC,min10_cells,HGF,1,-0.08065,0.40947,,False,False
OPC,min10_cells,SEMA3E,1,0.22155,0.36798,0.9397473715413,False,True
OPC,min10_cells,SEMA3A,2,-0.3794,-0.42689,0.9711504272531726,False,True
OPC,min10_cells,SEMA3D,7,-0.16311,-0.1928,0.9863970854388464,False,True
OPC,min10_cells,PON1,1,-0.27885,0.28213,0.9740661853879656,False,False
OPC,min10_cells,PON3,1,-0.33732,0.19127,0.9691938722474084,False,False
OPC,min10_cells,PON2,1,-0.02129,0.14049,0.954564008226896,False,False
OPC,min10_cells,TAC1,2,-0.22653,-0.43914,0.982822977659108,False,True
OPC,min10_cells,NPTX2,1,0.00361,0.59887,0.9397473715413,False,True
OPC,min10_cells,AZGP1,1,1.22254,2.92272,0.0066390376301885,True,True
OPC,min10_cells,CNPY4,1,0.10398,-0.73857,0.878588999890484,False,False
OPC,min10_cells,GPC2,2,-0.08697,0.23452,0.961444011039232,False,False
OPC,min10_cells,PILRA,2,-0.22624,0.08422,0.9922539125278126,False,False
OPC,min10_cells,PCOLCE,1,-0.20597,-0.08826,,False,True
OPC,min10_cells,ACHE,1,-0.09597,0.48463,0.8994172003025268,False,False
OPC,min10_cells,SERPINE1,1,0.45935,1.93,,False,True
OPC,min10_cells,VGF,3,-0.09451,-0.40914,0.9727119476965986,False,True
OPC,min10_cells,PLOD3,1,0.14248,0.71731,0.6325638782138165,False,True
OPC,min10_cells,COL26A1,1,-0.67269,-1.45134,0.1581505777746425,False,True
OPC,min10_cells,LRRC17,2,0.10143,-0.12788,0.9892806380921212,False,False
OPC,min10_cells,RELN,1,0.02914,-0.48303,0.9461915962633198,False,False
OPC,min10_cells,NAMPT,1,0.16161,-0.08738,0.982822977659108,False,False
OPC,min10_cells,LAMB1,1,0.09576,-0.39485,0.9506947121898752,False,False
OPC,min10_cells,NRCAM,51,-0.0267,0.05147,0.9877920929686972,False,False
OPC,min10_cells,MDFIC,1,-0.10085,-0.40458,0.961444011039232,False,True
OPC,min10_cells,MET,9,0.11823,-0.27662,0.982822977659108,False,False
OPC,min10_cells,FAM3C,2,0.22141,0.20746,0.9100251162804665,False,True
OPC,min10_cells,PTPRZ1,1,-0.08825,-0.09794,0.9750621351276216,False,True
OPC,min10_cells,HILPDA,2,0.07619,0.60116,0.9311088123436652,False,True
OPC,min10_cells,CALU,1,0.00192,-0.04152,0.9912894282854396,False,False
OPC,min10_cells,KCP,2,-0.18172,-0.00635,0.9992469611201772,False,True
OPC,min10_cells,PTN,1,0.00967,0.04944,0.9877920929686972,False,True
OPC,min10_cells,EPHB6,1,-0.16983,-0.53085,0.9576680566332504,False,True
OPC,min10_cells,RARRES2,1,-0.08444,0.25786,0.9741640881475884,False,False
OPC,min10_cells,SHH,2,0.12862,0.43741,0.9668347055013504,False,True
OPC,min10_cells,ANGPT2,1,0.06317,-0.1064,0.982822977659108,False,False
OPC,min10_cells,PRSS51,5,-0.20272,-0.05315,0.9946244983853348,False,True
OPC,min10_cells,CTSB,1,0.08911,0.06221,0.9912894282854396,False,True
OPC,min10_cells,PDGFRL,2,-0.20125,-0.20191,,False,True
OPC,min10_cells,FGL1,7,-0.0397,1.44332,0.7255208007004302,False,False
OPC,min10_cells,ASAH1,2,0.14352,0.03266,0.993012961945252,False,True
OPC,min10_cells,LPL,1,0.42355,1.28987,0.2999178479759294,False,True
OPC,min10_cells,LGI3,2,-0.23582,-0.56263,0.9039137353091398,False,True
OPC,min10_cells,SFTPC,1,-0.23449,0.14272,,False,False
OPC,min10_cells,BMP1,1,0.22755,0.18357,0.9691938722474084,False,True
OPC,min10_cells,PEBP4,1,0.30043,0.5591,0.8216565747291121,False,True
OPC,min10_cells,LOXL2,1,-0.43606,0.30649,0.957645352504143,False,False
OPC,min10_cells,ADAM28,2,0.16185,0.62947,0.9774324359047186,False,True
OPC,min10_cells,CLU,2,0.06112,0.24303,0.9774324359047186,False,True
OPC,min10_cells,PNOC,7,0.2948,0.21751,,False,True
OPC,min10_cells,NRG1,89,-0.24855,-1.0994,0.5543390137293063,False,True
OPC,min10_cells,HTRA4,2,-0.21272,0.24317,0.9869913305522994,False,False
OPC,min10_cells,ADAM9,1,0.16189,-0.15931,0.9589380311569368,False,False
OPC,min10_cells,SFRP1,1,-0.59416,-0.72116,0.6525867545821701,False,True
OPC,min10_cells,PLAT,3,0.20974,0.7589,0.3636135222231184,False,True
OPC,min10_cells,PXDNL,2,-0.23679,-0.2147,0.9589380311569368,False,True
OPC,min10_cells,PENK,3,-0.40848,0.26946,,False,False
OPC,min10_cells,SDCBP,2,-0.05731,0.14225,0.9774324359047186,False,False
OPC,min10_cells,GGH,1,0.01257,-0.3596,0.9479210691622438,False,False
OPC,min10_cells,CPA6,3,0.5154,0.6964,,False,True
OPC,min10_cells,SULF1,6,0.19999,-0.13853,0.993012961945252,False,False
OPC,min10_cells,SBSPON,1,0.16102,0.62132,,False,True
OPC,min10_cells,LY96,1,-0.64934,0.27229,,False,False
OPC,min10_cells,PI15,1,0.17149,-0.36581,0.9769504046620408,False,False
OPC,min10_cells,CRISPLD1,2,0.10523,-0.30046,0.8988553916636707,False,False
OPC,min10_cells,IL7,2,0.13943,0.16547,0.9589380311569368,False,True
OPC,min10_cells,FABP5,1,-0.04392,0.18902,0.982822977659108,False,False
OPC,min10_cells,MMP16,1,0.0725,-0.10099,0.98495466623347,False,False
OPC,min10_cells,GDF6,2,0.24468,0.56822,0.86358302022799,False,True
OPC,min10_cells,CPQ,1,0.52626,0.92113,0.2072552572095557,False,True
OPC,min10_cells,MATN2,6,0.02997,0.14778,0.961444011039232,False,True
OPC,min10_cells,CTHRC1,2,-0.00646,-0.21385,0.9774324359047186,False,True
OPC,min10_cells,RSPO2,2,0.07802,-0.73828,0.7473554249329487,False,False
OPC,min10_cells,TNFRSF11B,1,0.23026,0.96487,0.73004077642265,False,True
OPC,min10_cells,CCN3,1,-0.41576,-0.23925,0.9912664891822336,False,True
OPC,min10_cells,ENPP2,21,-0.009,0.22928,0.982822977659108,False,False
OPC,min10_cells,COL14A1,14,-0.08484,-0.74528,,False,True
OPC,min10_cells,TG,31,0.00935,0.26364,0.9863970854388464,False,True
OPC,min10_cells,ST3GAL1,1,0.14386,0.43629,0.8549863165051483,False,True
OPC,min10_cells,COL22A1,8,-0.01154,-0.39479,,False,True
OPC,min10_cells,ADGRB1,9,0.11055,0.0353,0.9947067405987228,False,True
OPC,min10_cells,THEM6,1,0.11493,0.17722,0.985103279118208,False,True
OPC,min10_cells,INSL6,1,-0.38767,0.09455,0.9947067405987228,False,False
OPC,min10_cells,CD274,2,0.13934,0.7036,0.9028199275466752,False,True
OPC,min10_cells,PDCD1LG2,4,0.02228,0.8856,0.8932563117716525,False,True
OPC,min10_cells,IL33,9,-0.39049,-0.58206,0.9515095141987876,False,True
OPC,min10_cells,FREM1,16,-0.32246,-0.51325,0.8369421395146317,False,True
OPC,min10_cells,ADAMTSL1,46,-0.1732,-0.33531,0.9668347055013504,False,True
OPC,min10_cells,TEK,1,0.19708,-0.49145,0.7654619281637716,False,False
OPC,min10_cells,C9orf72,1,0.08659,-0.2363,0.8938718950235183,False,False
OPC,min10_cells,B4GALT1,1,-0.26737,-0.4749,0.9445926238513868,False,True
OPC,min10_cells,PRSS3,12,0.12219,0.11786,0.9946674977591946,False,True
OPC,min10_cells,ENHO,1,0.07316,0.36547,0.9414007480171036,False,True
OPC,min10_cells,IL11RA,2,0.01478,0.27306,0.9735885885534497,False,True
OPC,min10_cells,IGFBPL1,1,-0.07991,-0.80974,0.8821299531106955,False,True
OPC,min10_cells,MAMDC2,1,-0.29532,0.08103,0.9926273008902112,False,False
OPC,min10_cells,ANXA1,5,0.8047,2.27399,,False,True
OPC,min10_cells,PCSK5,1,0.22942,0.15206,0.9668347055013504,False,True
OPC,min10_cells,CTSL,1,0.25364,0.53618,0.8821299531106955,False,True
OPC,min10_cells,OGN,1,0.32133,0.50532,0.9414007480171036,False,True
OPC,min10_cells,ASPN,2,-0.04031,0.62908,0.9397473715413,False,False
OPC,min10_cells,ECM2,4,0.38411,0.50708,0.9414007480171036,False,True
OPC,min10_cells,NINJ1,3,0.2393,0.67386,0.87687688511476,False,True
OPC,min10_cells,COL15A1,1,-0.09855,-0.12641,0.9877920929686972,False,True
OPC,min10_cells,TXN,1,-0.04292,0.6545,0.7771667682936796,False,False
OPC,min10_cells,SVEP1,1,-0.19231,-0.06417,0.9967162372245632,False,True
OPC,min10_cells,COL27A1,2,0.1099,0.13449,0.9863970854388464,False,True
OPC,min10_cells,TNC,6,0.00857,-0.23302,0.982822977659108,False,False
OPC,min10_cells,PAPPA,2,-0.59974,-0.50927,0.8675803621252881,False,True
OPC,min10_cells,GSN,31,-0.04241,-0.22884,0.9445926238513868,False,True
OPC,min10_cells,CRB2,5,0.18126,-0.16867,,False,False
OPC,min10_cells,OLFML2A,9,-0.29186,-1.25636,,False,True
OPC,min10_cells,ANGPTL2,1,0.14861,-0.42658,0.8216565747291121,False,False
OPC,min10_cells,TOR2A,1,0.10363,0.87697,0.699722614364138,False,True
OPC,min10_cells,HMCN2,9,-0.45782,-0.79351,,False,True
OPC,min10_cells,LAMC3,1,-0.08587,1.75509,,False,False
OPC,min10_cells,ADAMTS13,5,-0.14669,-0.10301,0.9912894282854396,False,True
OPC,min10_cells,ADAMTSL2,2,-0.13295,-0.07819,0.9958380101955552,False,True
OPC,min10_cells,COL5A1,1,0.22588,0.45553,0.7847130675302186,False,True
OPC,min10_cells,OLFM1,4,0.06655,-0.00351,0.9992469611201772,False,False
OPC,min10_cells,QSOX2,2,-0.09913,0.20989,0.9727119476965986,False,False
OPC,min10_cells,EGFL7,2,-0.03774,-0.5865,,False,True
OPC,min10_cells,PTGDS,2,0.07284,0.71765,0.8862843632802342,False,True
OPC,min10_cells,DPP7,2,0.19234,0.37352,0.9493231278431824,False,True
OPC,min10_cells,IL15RA,1,0.26452,0.21927,,False,True
OPC,min10_cells,ITIH5,9,0.43186,0.32196,,False,True
OPC,min10_cells,CCDC3,19,-0.22739,0.05197,0.9899023761674208,False,False
OPC,min10_cells,CDNF,2,-0.00152,0.44552,0.9691938722474084,False,False
OPC,min10_cells,C1QL3,1,-0.31142,0.05738,0.9967162372245632,False,False
OPC,min10_cells,NRP1,1,0.33092,-0.96092,0.8612276507167523,False,False
OPC,min10_cells,CXCL12,2,-0.0608,-0.35744,0.9397473715413,False,True
OPC,min10_cells,GDF10,2,-0.07741,-1.3343,,False,True
OPC,min10_cells,VSTM4,2,0.29422,-0.06151,0.9877920929686972,False,False
OPC,min10_cells,ASAH2,2,-0.56302,-0.12147,0.9947067405987228,False,True
OPC,min10_cells,DKK1,1,-0.14323,-0.09607,0.9958380101955552,False,True
OPC,min10_cells,PCDH15,3,0.04694,-0.25347,0.9382845086684742,False,False
OPC,min10_cells,SRGN,3,-0.2546,1.25496,0.7676363080398282,False,False
OPC,min10_cells,NODAL,1,-0.00228,0.74188,,False,False
OPC,min10_cells,ADAMTS14,3,-0.00656,0.01592,0.998532428187127,False,False
OPC,min10_cells,PSAP,2,0.03158,0.21722,0.9452698562479264,False,True
OPC,min10_cells,SPOCK2,2,0.19193,0.64515,0.3681717365930461,False,True
OPC,min10_cells,OIT3,1,0.47738,-0.78881,,False,False
OPC,min10_cells,SFTPD,1,-0.08541,-0.19894,,False,True
OPC,min10_cells,PLAC9,3,0.38159,-1.05574,,False,False
OPC,min10_cells,PRXL2A,6,0.0679,0.13054,0.982822977659108,False,True
OPC,min10_cells,NRG3,169,0.06718,0.06134,0.9868333685461788,False,True
OPC,min10_cells,MMRN2,2,-0.00506,-0.4134,,False,True
OPC,min10_cells,MINPP1,2,0.01168,0.00913,0.9978584298112924,False,True
OPC,min10_cells,PTEN,1,0.21752,-0.09465,0.961444011039232,False,False
OPC,min10_cells,RNLS,1,0.15575,0.08313,0.9839297164553158,False,True
OPC,min10_cells,FAS,1,0.47045,0.48776,0.9668347055013504,False,True
OPC,min10_cells,FGFBP3,1,0.14299,0.26173,0.982822977659108,False,True
OPC,min10_cells,IDE,10,-0.0335,-0.00708,0.9978584298112924,False,True
OPC,min10_cells,RBP4,2,0.18325,0.89056,,False,True
OPC,min10_cells,LGI1,2,0.13481,-0.17437,0.9774324359047186,False,False
OPC,min10_cells,TLL2,1,0.15453,0.27719,0.982822977659108,False,True
OPC,min10_cells,SLIT1,2,0.09014,-0.37779,0.9452698562479264,False,False
OPC,min10_cells,CRTAC1,3,0.23081,0.02962,0.9956507156239238,False,True
OPC,min10_cells,LOXL4,2,0.24252,0.75461,,False,True
OPC,min10_cells,HPSE2,35,-0.3385,-1.04561,0.86358302022799,False,True
OPC,min10_cells,CASP7,7,0.18606,0.10129,0.9947067405987228,False,True
OPC,min10_cells,VWA2,1,0.58902,-0.2371,0.982822977659108,False,False
OPC,min10_cells,FGFR2,18,0.05795,-0.06222,0.9956507156239238,False,False
OPC,min10_cells,HTRA1,3,0.16743,0.25399,0.8844311057111193,False,True
OPC,min10_cells,FAM24B,1,0.06586,-0.82477,0.711187778728492,False,False
OPC,min10_cells,CPXM2,2,-0.30869,0.15055,,False,False
OPC,min10_cells,MMP21,2,-0.0051,-0.02739,0.9973477392005758,False,True
OPC,min10_cells,ADAM12,2,0.15956,-0.38053,0.699235827199917,False,False
OPC,min10_cells,DEAF1,2,0.28881,-0.03056,0.9946674977591946,False,False
OPC,min10_cells,GATD1,1,-0.1373,0.14682,0.9863970854388464,False,False
OPC,min10_cells,CHID1,3,0.08081,0.5057,0.8753818832649111,False,True
OPC,min10_cells,CTSD,1,-0.27188,0.59653,0.6561562651562635,False,False
OPC,min10_cells,SMPD1,1,0.20893,-0.17502,0.9863970854388464,False,False
OPC,min10_cells,OLFML1,3,0.4319,-0.18156,,False,False
OPC,min10_cells,TUB,22,-0.08709,-0.10376,0.982822977659108,False,True
OPC,min10_cells,SCUBE2,1,-0.33585,-0.31632,0.8242209921790044,False,True
OPC,min10_cells,ADM,5,0.00088,2.0125,0.8895600428577468,False,True
OPC,min10_cells,MTRNR2L8,1,-0.40354,-0.4055,0.982822977659108,False,True
OPC,min10_cells,DKK3,2,-0.02469,0.20099,0.9668347055013504,False,False
OPC,min10_cells,SPON1,1,0.07945,-0.29778,0.9414007480171036,False,False
OPC,min10_cells,CALCB,6,-0.42828,-1.24184,0.8675803621252881,False,True
OPC,min10_cells,NUCB2,1,-0.07736,0.16915,0.949916379795608,False,False
OPC,min10_cells,NELL1,2,0.1143,0.05627,0.9946244983853348,False,True
OPC,min10_cells,LUZP2,27,-0.00519,-0.03444,0.9947067405987228,False,True
OPC,min10_cells,FIBIN,3,0.04842,-0.44761,0.8917739076060818,False,False
OPC,min10_cells,BDNF,15,-0.33591,-0.06173,0.9958380101955552,False,True
OPC,min10_cells,CD59,5,0.13438,0.656,0.3681717365930461,False,True
OPC,min10_cells,CD44,13,0.1307,1.20222,0.8060945716684856,False,True
OPC,min10_cells,PAMR1,12,0.01762,-0.10612,0.98495466623347,False,False
OPC,min10_cells,FJX1,2,-0.02815,0.21366,0.982822977659108,False,False
OPC,min10_cells,EXT2,2,0.23083,0.00721,0.9973477392005758,False,True
OPC,min10_cells,MDK,1,0.22105,1.18392,0.5046313181310107,False,True
OPC,min10_cells,C1QTNF4,3,-0.19867,-0.28439,0.982822977659108,False,True
OPC,min10_cells,PTPRJ,1,0.30337,0.02228,0.9958380101955552,False,True
OPC,min10_cells,SERPING1,1,0.09108,0.67231,0.8325624388227194,False,True
OPC,min10_cells,VWCE,6,-0.34872,0.17186,0.9877920929686972,False,False
OPC,min10_cells,FLRT1,2,-0.29069,-0.42123,0.9067427924021948,False,True
OPC,min10_cells,VEGFB,2,0.05258,0.54482,0.8114797366480652,False,True
OPC,min10_cells,LTBP3,4,0.15063,0.15776,0.961444011039232,False,True
OPC,min10_cells,EFEMP2,1,-0.24022,0.20265,0.9821074197263888,False,False
OPC,min10_cells,DEFB131B,1,0.09401,0.73403,,False,True
OPC,min10_cells,IL18BP,2,0.0445,-0.25435,,False,False
OPC,min10_cells,PRSS23,1,-0.12545,0.39689,0.7694958777135882,False,False
OPC,min10_cells,ENDOD1,1,0.2679,0.39155,0.660364346878727,False,True
OPC,min10_cells,ANGPTL5,1,0.13497,-0.60861,,False,False
OPC,min10_cells,PDGFD,1,-0.67157,0.53977,0.9397473715413,False,False
OPC,min10_cells,CASP4,3,-0.00707,-0.98452,,False,True
OPC,min10_cells,CRYAB,5,0.21784,0.23135,0.9863970854388464,False,True
OPC,min10_cells,IL18,1,-0.27334,0.29246,0.98495466623347,False,False
OPC,min10_cells,NCAM1,1,0.13959,-0.03557,0.9877920929686972,False,False
OPC,min10_cells,TMEM25,1,-0.26273,0.19582,0.982822977659108,False,False
OPC,min10_cells,NECTIN1,2,0.18138,-0.25132,0.943759932883358,False,False
OPC,min10_cells,OAF,1,0.21222,0.13519,0.9912894282854396,False,True
OPC,min10_cells,TECTA,3,-0.11403,-0.26659,0.9452698562479264,False,True
OPC,min10_cells,SORL1,45,0.0416,0.09454,0.98418051111454,False,True
OPC,min10_cells,ST3GAL4,15,-0.06677,0.18122,0.982822977659108,False,False
OPC,min10_cells,KIRREL3,1,-0.10405,-0.18074,0.982822977659108,False,True
OPC,min10_cells,ADAMTS8,2,-0.22022,0.55665,0.9487572997727816,False,False
OPC,min10_cells,JAM3,1,0.21407,-0.04857,0.9877920929686972,False,False
OPC,min10_cells,GLB1L2,1,-0.30857,-0.29351,0.9774324359047186,False,True
OPC,min10_cells,B3GAT1,9,-0.00919,0.14363,0.9571619666687806,False,False
OPC,min10_cells,WNT5B,17,0.11011,-0.08813,0.990454314081586,False,False
OPC,min10_cells,TULP3,1,0.13716,0.55388,0.5275933496744157,False,True
OPC,min10_cells,NTF3,21,-0.24463,0.00735,,False,False
OPC,min10_cells,VWF,2,-0.47685,0.11655,0.993012961945252,False,False
OPC,min10_cells,CD9,11,-0.11416,0.51184,0.8675803621252881,False,False
OPC,min10_cells,TNFRSF1A,2,-0.02831,0.95769,0.1740159346871541,False,False
OPC,min10_cells,ACRBP,1,0.25728,0.97601,,False,True
OPC,min10_cells,C1S,15,-0.04674,0.16421,0.9688594562119092,False,False
OPC,min10_cells,C1R,2,-0.29981,0.44692,0.9654697958263334,False,False
OPC,min10_cells,C1RL,1,0.34942,0.61632,0.9100251162804665,False,True
OPC,min10_cells,CD163L1,1,-0.09617,-0.19545,,False,True
OPC,min10_cells,CD163,1,-0.32126,2.50687,,False,False
OPC,min10_cells,A2ML1,6,0.24762,-0.30101,0.982822977659108,False,False
OPC,min10_cells,A2M,3,-0.11192,0.36221,0.9465212441792064,False,False
OPC,min10_cells,OLR1,3,-0.05312,0.96089,0.961444011039232,False,False
OPC,min10_cells,PRR4,1,0.08277,-0.3142,,False,False
OPC,min10_cells,PRH2,1,-0.28695,0.25023,,False,False
OPC,min10_cells,PRB1,2,-0.08896,0.19302,,False,False
OPC,min10_cells,PRB2,1,-0.28749,-1.4317,,False,True
OPC,min10_cells,ART4,2,0.00589,-0.91902,,False,False
OPC,min10_cells,MGP,4,0.31085,1.63138,,False,True
OPC,min10_cells,SPX,2,-0.29651,1.42448,0.7771667682936796,False,False
OPC,min10_cells,OVCH1,1,-0.37662,-1.30947,0.7432056160838372,False,True
OPC,min10_cells,ADAMTS20,2,-0.72928,-2.56843,0.1032532890710554,False,True
OPC,min10_cells,NELL2,3,-0.40354,-0.53814,0.705624175466279,False,True
OPC,min10_cells,NPFF,1,0.14241,0.04417,,False,True
OPC,min10_cells,CD63,1,0.03372,0.7188,0.749170733419246,False,True
OPC,min10_cells,GDF11,2,0.00335,-0.0491,0.9946244983853348,False,False
OPC,min10_cells,MMP19,1,-0.67228,0.00543,0.9992469611201772,False,False
OPC,min10_cells,PMEL,1,-0.08118,-0.26947,,False,True
OPC,min10_cells,ERBB3,3,0.12584,0.08522,0.9863970854388464,False,True
OPC,min10_cells,WIF1,1,-0.1154,-0.99295,0.8675803621252881,False,True
OPC,min10_cells,PTPRR,20,-0.12417,-1.21201,0.2172744890613315,False,True
OPC,min10_cells,GLIPR1L1,5,-0.23467,0.13774,0.982822977659108,False,False
OPC,min10_cells,OTOGL,15,-0.07335,-0.31314,0.8675803621252881,False,True
OPC,min10_cells,NTS,2,-0.48841,1.06359,,False,False
OPC,min10_cells,KITLG,1,0.06207,-0.67857,0.5680965993781127,False,False
OPC,min10_cells,DCN,2,-0.08538,1.69663,0.455998980220322,False,False
OPC,min10_cells,NTN4,1,0.15169,0.31919,0.8684717881123478,False,True
OPC,min10_cells,IGF1,2,0.21693,-0.71812,0.9124467768147336,False,False
OPC,min10_cells,TMEM119,3,-0.10933,0.46536,,False,False
OPC,min10_cells,TCTN1,1,0.20613,-0.12896,0.9691938722474084,False,False
OPC,min10_cells,OAS1,1,0.18069,0.66304,0.8684717881123478,False,True
OPC,min10_cells,GLT1D1,3,-0.02267,0.18037,0.9119242969821182,False,False
OPC,min10_cells,MMP17,5,0.14098,0.07421,0.9877920929686972,False,True
OPC,min10_cells,IL17D,1,0.01657,0.10099,0.98418051111454,False,True
OPC,min10_cells,FGF9,1,-0.44108,-0.10487,0.9912894282854396,False,True
OPC,min10_cells,FLT1,35,-0.01381,-1.53318,0.705624175466279,False,True
OPC,min10_cells,HMGB1,21,0.11033,0.01585,0.9956507156239238,False,True
OPC,min10_cells,KL,2,-0.52403,0.42969,,False,False
OPC,min10_cells,NHLRC3,1,0.16106,0.08974,0.982822977659108,False,True
OPC,min10_cells,ENOX1,2,-0.02782,-0.27564,0.8821299531106955,False,True
OPC,min10_cells,ITM2B,3,0.10648,0.35743,0.8691691484087769,False,True
OPC,min10_cells,SERPINE3,3,-0.34665,-0.34858,0.982822977659108,False,True
OPC,min10_cells,THSD1,4,0.19978,0.24835,0.9566001970785404,False,True
OPC,min10_cells,CNMD,2,0.08398,-0.08842,0.9877920929686972,False,False
OPC,min10_cells,PIBF1,1,-0.13563,0.1476,0.9431919147748616,False,False
OPC,min10_cells,CLN5,1,0.15187,0.2524,0.8917739076060818,False,True
OPC,min10_cells,SLITRK1,3,-0.07219,-0.25828,0.9100251162804665,False,True
OPC,min10_cells,GPC5,35,-0.48157,-0.43089,0.9668347055013504,False,True
OPC,min10_cells,GPC6,89,0.12451,-0.19059,0.9735885885534497,False,False
OPC,min10_cells,ITGBL1,4,-0.31673,0.64779,0.7596835353147456,False,False
OPC,min10_cells,TNFSF13B,3,0.07144,0.47975,0.705624175466279,False,True
OPC,min10_cells,COL4A1,1,0.85617,1.27644,0.530196192794723,False,True
OPC,min10_cells,COL4A2,1,0.85617,1.61981,0.033197874313068,True,True
OPC,min10_cells,F10,3,-0.36904,0.98095,,False,False
OPC,min10_cells,GAS6,2,0.18545,-0.32253,0.971390856102982,False,False
OPC,min10_cells,RNASE4,2,0.04072,0.53509,,False,True
OPC,min10_cells,RNASE1,3,0.01873,1.09037,0.8844311057111193,False,True
OPC,min10_cells,C14orf93,1,-0.06641,-0.16178,0.9774324359047186,False,True
OPC,min10_cells,DHRS4L2,9,-0.37846,0.14371,0.982822977659108,False,False
OPC,min10_cells,COCH,1,0.08961,0.66393,,False,True
OPC,min10_cells,FAM177A1,2,0.01735,0.18127,0.9479210691622438,False,True
OPC,min10_cells,TMX1,1,0.41516,0.10868,0.9798261454517028,False,True
OPC,min10_cells,NID2,1,-0.12256,-1.76774,0.0766078957199585,True,True
OPC,min10_cells,TXNDC16,1,0.11356,-0.2774,0.8821299531106955,False,False
OPC,min10_cells,ERO1A,1,0.10242,-0.0714,0.9831233146376892,False,False
OPC,min10_cells,BMP4,2,-0.44104,-0.34714,,False,True
OPC,min10_cells,LGALS3,1,0.28073,2.03476,0.3681717365930461,False,True
OPC,min10_cells,SMOC1,3,-4e-05,0.18164,0.9571619666687806,False,False
OPC,min10_cells,PAPLN,5,-0.1672,-1.12022,,False,True
OPC,min10_cells,ENTPD5,1,-0.03933,0.37279,0.9015655749210096,False,False
OPC,min10_cells,NPC2,1,0.11835,0.86678,0.7289913980576255,False,True
OPC,min10_cells,TGFB3,3,-0.04266,0.03837,0.9962929182465184,False,False
OPC,min10_cells,VASH1,6,-0.14734,-0.46257,0.705624175466279,False,True
OPC,min10_cells,FLRT2,4,0.16151,0.03045,0.9946674977591946,False,True
OPC,min10_cells,FBLN5,2,-0.19808,0.28517,0.9668347055013504,False,False
OPC,min10_cells,CHGA,2,0.01544,-0.30796,0.982822977659108,False,False
OPC,min10_cells,SERPINA3,1,-0.03334,2.4528,0.705624175466279,False,False
OPC,min10_cells,HHIPL1,2,-0.25273,-0.27266,0.9514273334179496,False,True
OPC,min10_cells,WDR25,3,0.04329,-0.01187,0.9973477392005758,False,False
OPC,min10_cells,SCG5,2,-0.23768,0.17506,0.9589380311569368,False,False
OPC,min10_cells,GREM1,1,-0.02108,0.60664,0.9688880458433818,False,False
OPC,min10_cells,THBS1,2,0.00834,-0.29103,,False,False
OPC,min10_cells,B2M,2,0.13191,0.90295,0.3854005494740879,False,True
OPC,min10_cells,SORD,6,-0.01528,-0.26136,0.95215016282549,False,True
OPC,min10_cells,FBN1,1,0.00117,-0.17262,0.9403556087204122,False,False
OPC,min10_cells,FGF7,2,-0.47412,0.14925,0.9922539125278126,False,False
OPC,min10_cells,GLDN,8,0.05343,1.00181,0.8861744032566862,False,True
OPC,min10_cells,SCG3,1,0.25887,0.51329,0.86358302022799,False,True
OPC,min10_cells,LIPC,6,0.45912,0.32899,,False,True
OPC,min10_cells,ANXA2,1,0.01146,1.95424,0.3268038797485089,False,True
OPC,min10_cells,PPIB,1,0.0988,0.36808,0.9117892043224504,False,True
OPC,min10_cells,CILP,1,-0.04364,1.03895,,False,False
OPC,min10_cells,C15orf61,1,0.20233,0.50663,0.86358302022799,False,True
OPC,min10_cells,SPESP1,1,0.14009,-0.04285,0.9940244255384256,False,False
OPC,min10_cells,THSD4,62,-0.26968,-0.8142,0.8619338263187096,False,True
OPC,min10_cells,ADPGK,10,-0.0173,0.40969,0.7020057102422069,False,False
OPC,min10_cells,LOXL1,3,0.19433,1.12294,,False,True
OPC,min10_cells,ADAMTS7,1,0.25941,0.0499,0.995165788486464,False,True
OPC,min10_cells,CEMIP,1,-0.07489,0.42948,0.8938718950235183,False,False
OPC,min10_cells,IL16,24,-0.08068,-1.52258,,False,True
OPC,min10_cells,ADAMTSL3,2,-0.2111,-1.30714,0.0816445552189949,True,True
OPC,min10_cells,NMB,1,0.12914,1.06703,0.8821299531106955,False,True
OPC,min10_cells,ACAN,1,-0.05266,0.00113,0.9994336837792148,False,False
OPC,min10_cells,MFGE8,2,0.01385,-0.12493,0.990300689545588,False,False
OPC,min10_cells,NGRN,1,-0.02645,0.26144,0.9571619666687806,False,False
OPC,min10_cells,FURIN,5,0.24574,-0.0239,0.9974002012488424,False,False
OPC,min10_cells,ST8SIA2,2,-0.59754,-0.6998,,False,True
OPC,min10_cells,RGMA,5,0.1981,0.46006,0.7624802113087851,False,True
OPC,min10_cells,ADAMTS17,1,0.02368,-0.02764,0.9946969189323596,False,False
OPC,min10_cells,CHSY1,1,0.04409,-0.06649,0.9863970854388464,False,False
OPC,min10_cells,PCSK6,45,0.0947,0.1964,0.9668347055013504,False,True
OPC,min10_cells,WFIKKN1,1,0.06632,1.54514,,False,True
OPC,min10_cells,METRN,2,0.03261,0.40591,0.8386711315469725,False,True
OPC,min10_cells,GNPTG,1,0.28374,0.55143,0.6109717074059153,False,True
OPC,min10_cells,GFER,2,-0.08542,0.26524,,False,False
OPC,min10_cells,PKD1,2,-0.0781,0.05251,0.9912664891822336,False,False
OPC,min10_cells,PRSS27,1,-0.05176,0.05561,,False,False
OPC,min10_cells,MTRNR2L4,1,-1.01263,-0.60767,,False,True
OPC,min10_cells,DNASE1,2,-0.36262,0.25446,0.8932563117716525,False,False
OPC,min10_cells,VASN,5,-0.2219,-0.65982,,False,True
OPC,min10_cells,C16orf89,1,0.69237,1.31317,,False,True
OPC,min10_cells,XYLT1,1,-0.11262,-0.1062,0.9821201790440364,False,True
OPC,min10_cells,CLEC19A,2,0.52967,-0.13118,,False,False
OPC,min10_cells,OTOA,3,-0.07557,-0.01464,,False,True
OPC,min10_cells,VWA3A,8,-0.73005,-0.25609,,False,True
OPC,min10_cells,IL4R,12,-0.50166,0.1763,0.9922539125278126,False,False
OPC,min10_cells,CTF1,2,-0.12012,-0.15544,,False,True
OPC,min10_cells,PRSS53,1,0.39179,1.13867,,False,True
OPC,min10_cells,ITFG1,1,0.15365,-0.14201,0.9506947121898752,False,False
OPC,min10_cells,MMP2,13,-0.22791,-0.80313,0.7709157804199066,False,True
OPC,min10_cells,RSPRY1,1,0.14699,-0.07401,0.982822977659108,False,False
OPC,min10_cells,CX3CL1,1,-0.04173,-0.00964,0.998532428187127,False,True
OPC,min10_cells,ADGRG1,11,0.22117,0.46613,0.678865805353701,False,True
OPC,min10_cells,CKLF,2,-0.13801,0.45813,0.8385199124480828,False,False
OPC,min10_cells,CES4A,4,0.18717,0.28286,0.957645352504143,False,True
OPC,min10_cells,GFOD2,1,0.17145,0.01,0.998532428187127,False,True
OPC,min10_cells,NRN1L,2,0.11742,1.36677,,False,True
OPC,min10_cells,LCAT,3,0.11311,-0.16469,,False,False
OPC,min10_cells,PLA2G15,3,-0.22297,-0.40949,0.9656349474941368,False,True
OPC,min10_cells,ST3GAL2,11,-0.01787,-0.26292,0.9332785099633916,False,True
OPC,min10_cells,IL34,14,-0.14681,0.42603,0.9668347055013504,False,False
OPC,min10_cells,ADAMTS18,1,0.25179,-2.71765,0.1695515129738416,False,False
OPC,min10_cells,MBTPS1,1,0.22626,0.07953,0.9731087697978252,False,True
OPC,min10_cells,WFDC1,1,0.22869,0.41026,0.7676363080398282,False,True
OPC,min10_cells,CRISPLD2,2,-0.00918,-0.02108,0.9973477392005758,False,True
OPC,min10_cells,SERPINF2,4,-0.14674,-0.54538,,False,True
OPC,min10_cells,SERPINF1,2,0.12074,1.26182,0.8938718950235183,False,True
OPC,min10_cells,CYB5D2,1,0.16054,-0.08178,0.9868333685461788,False,False
OPC,min10_cells,CXCL16,1,0.00014,0.19265,0.982822977659108,False,True
OPC,min10_cells,C1QBP,1,0.16857,0.59504,0.8675803621252881,False,True
OPC,min10_cells,ASGR1,1,-0.38965,-0.64026,0.9452698562479264,False,True
OPC,min10_cells,TNFSF12,1,-0.04131,0.65243,0.7596835353147456,False,False
OPC,min10_cells,TNFSF13,2,0.20412,0.7633,,False,True
OPC,min10_cells,NTN1,2,-0.12773,0.04356,0.9946674977591946,False,False
OPC,min10_cells,MTRNR2L1,2,0.76592,0.44963,0.9863970854388464,False,True
OPC,min10_cells,LGALS9,3,-0.20428,0.25782,0.975842199658644,False,False
OPC,min10_cells,VTN,2,-0.1593,-0.02285,,False,True
OPC,min10_cells,SDF2,1,-0.41737,0.25686,0.9668347055013504,False,False
OPC,min10_cells,DHRS13,1,-0.23541,0.71557,0.8625456819286104,False,False
OPC,min10_cells,ABHD15,2,-0.02551,0.11247,,False,False
OPC,min10_cells,TMEM98,1,0.40613,0.18504,0.9863970854388464,False,True
OPC,min10_cells,MMP28,2,-0.47311,-0.23201,,False,True
OPC,min10_cells,DHRS11,1,-0.10075,-0.14435,0.9877920929686972,False,True
OPC,min10_cells,PLXDC1,2,-0.04055,-0.65258,0.8844311057111193,False,True
OPC,min10_cells,IGFBP4,1,-0.0578,-0.56432,,False,True
OPC,min10_cells,IFI35,1,-0.13773,0.48763,0.9691938722474084,False,False
OPC,min10_cells,PYY,8,0.03726,-0.13828,,False,False
OPC,min10_cells,GRN,3,-0.07853,0.29437,0.9691938722474084,False,False
OPC,min10_cells,C1QL1,2,-0.04411,0.24628,0.9414007480171036,False,False
OPC,min10_cells,MAPT,19,-0.08881,0.05233,0.9863970854388464,False,False
OPC,min10_cells,WNT3,1,0.11226,0.64508,0.8938718950235183,False,True
OPC,min10_cells,NXPH3,2,-0.17425,-0.74487,,False,True
OPC,min10_cells,XYLT2,1,0.02593,-0.01959,0.9978584298112924,False,False
OPC,min10_cells,CHAD,4,-0.15011,0.24739,0.9668347055013504,False,False
OPC,min10_cells,SPATA20,1,0.03581,0.75917,0.8031794982694748,False,True
OPC,min10_cells,CA10,3,0.35298,0.04967,0.9920453743775316,False,True
OPC,min10_cells,C17orf67,1,-0.05856,-0.20049,0.9740661853879656,False,True
OPC,min10_cells,SCPEP1,1,-0.24553,-0.04214,0.9912894282854396,False,True
OPC,min10_cells,RNF43,3,-0.23065,0.56436,0.9420040864197532,False,False
OPC,min10_cells,ACE,2,-0.19102,0.79814,,False,False
OPC,min10_cells,FAM20A,13,-0.32856,0.1745,0.9899023761674208,False,False
OPC,min10_cells,BTBD17,2,0.17618,0.94832,0.7278604257969344,False,True
OPC,min10_cells,TIMP2,18,-0.01302,-0.0161,0.9962929182465184,False,True
OPC,min10_cells,LGALS3BP,1,-0.07273,0.12312,0.988676595933298,False,False
OPC,min10_cells,CANT1,5,-0.06522,0.90614,0.6913091777103828,False,False
OPC,min10_cells,NPTX1,3,0.20367,-0.94975,0.8938718950235183,False,False
OPC,min10_cells,P4HB,1,0.15107,0.13319,0.9824544322318568,False,True
OPC,min10_cells,METRNL,1,0.06137,0.61919,0.8684717881123478,False,True
OPC,min10_cells,CLUL1,5,0.16263,-0.16746,0.9920453743775316,False,False
OPC,min10_cells,EMILIN2,3,0.93765,0.7502,0.8821299531106955,False,True
OPC,min10_cells,LAMA1,25,-0.14637,-0.75925,0.7691927962822093,False,True
OPC,min10_cells,TWSG1,1,-0.04624,0.14055,0.964468882117145,False,False
OPC,min10_cells,LAMA3,29,-0.1467,0.34059,0.9801447104972468,False,False
OPC,min10_cells,CHST9,8,-0.0237,0.04197,0.993012961945252,False,False
OPC,min10_cells,TTR,8,0.36617,-2.83557,0.3681717365930461,False,False
OPC,min10_cells,GALNT1,1,-0.48902,-0.21563,0.8549863165051483,False,True
OPC,min10_cells,LIPG,4,0.2172,0.72742,0.9301833795889536,False,True
OPC,min10_cells,C18orf54,1,0.17979,-0.07257,0.9912894282854396,False,False
OPC,min10_cells,TCF4,89,0.09191,-0.16632,0.95215016282549,False,False
OPC,min10_cells,CCBE1,36,-0.26605,-1.61062,0.3049915299033714,False,True
OPC,min10_cells,CBLN2,17,0.14336,-0.22676,0.9769504046620408,False,False
OPC,min10_cells,NETO1,2,0.17831,-0.09784,0.982822977659108,False,False
OPC,min10_cells,CNDP1,1,0.37957,-0.84162,0.8250924226765189,False,False
OPC,min10_cells,FGF22,1,-0.06983,0.99531,,False,False
OPC,min10_cells,FSTL3,3,-0.13085,-0.14105,0.9911648806141224,False,True
OPC,min10_cells,IZUMO4,1,0.17089,1.09756,,False,True
OPC,min10_cells,AMH,1,0.09976,-0.14325,,False,False
OPC,min10_cells,MYDGF,2,-0.03443,0.47604,0.9124467768147336,False,False
OPC,min10_cells,HSD11B1L,1,0.19815,0.20604,0.982822977659108,False,True
OPC,min10_cells,FUT6,2,-0.00547,-0.10323,,False,True
OPC,min10_cells,C3,2,0.35882,0.57309,0.9691651800117266,False,True
OPC,min10_cells,FBN3,2,-0.28195,0.01367,0.9978584298112924,False,False
OPC,min10_cells,ANGPTL4,2,0.13449,0.46719,0.9691938722474084,False,True
OPC,min10_cells,ADAMTS10,4,-0.40918,0.044,0.9940244255384256,False,False
OPC,min10_cells,OLFM2,19,-0.05393,-0.12581,0.970817721048352,False,True
OPC,min10_cells,COL5A3,2,-0.03616,0.181,0.9797387143713124,False,False
OPC,min10_cells,EPOR,2,-0.08785,-0.50156,,False,True
OPC,min10_cells,MAN2B1,2,-0.16781,0.3904,0.9406405014925728,False,False
OPC,min10_cells,CALR,1,0.06069,0.00838,0.998532428187127,False,True
OPC,min10_cells,PODNL1,2,0.09801,0.71328,,False,True
OPC,min10_cells,SAMD1,1,0.22593,0.41743,0.9515095141987876,False,True
OPC,min10_cells,ADGRE5,1,0.0224,1.01332,0.8147123654672245,False,True
OPC,min10_cells,CPAMD8,2,0.27684,-0.66843,,False,False
OPC,min10_cells,CRLF1,2,0.23548,-0.5377,,False,False
OPC,min10_cells,NCAN,3,-0.48445,-0.70756,0.4398427137747852,False,True
OPC,min10_cells,HAPLN4,1,-0.24783,0.55017,0.9515095141987876,False,False
OPC,min10_cells,GPI,1,-0.05669,0.02192,0.9953289356055536,False,False
OPC,min10_cells,SCGB2B2,13,-0.01802,0.06513,0.9863970854388464,False,False
OPC,min10_cells,SCN1B,2,0.1412,0.56994,0.9452698562479264,False,True
OPC,min10_cells,LGI4,1,0.01514,-0.69631,,False,False
OPC,min10_cells,HAMP,3,-0.00183,-0.08912,0.9963776384270472,False,True
OPC,min10_cells,HSPB6,1,0.14717,1.21528,,False,True
OPC,min10_cells,CATSPERG,1,-0.04555,-0.35973,0.9452698562479264,False,True
OPC,min10_cells,CCER2,1,0.27627,0.09998,0.9946674977591946,False,True
OPC,min10_cells,FCGBP,6,0.29529,-0.232,,False,False
OPC,min10_cells,LTBP4,7,-0.01752,-0.20258,0.9863970854388464,False,True
OPC,min10_cells,TGFB1,2,-0.35778,0.22685,0.9863970854388464,False,False
OPC,min10_cells,CXCL17,1,0.31231,0.07254,,False,True
OPC,min10_cells,CEACAM1,1,-0.1974,-0.10716,0.9920453743775316,False,True
OPC,min10_cells,PSG8,9,-0.48682,-0.21248,0.9877920929686972,False,True
OPC,min10_cells,PINLYP,2,-0.06773,0.56037,0.8675803621252881,False,False
OPC,min10_cells,PLAUR,2,0.03483,-0.53711,0.9596940414603538,False,False
OPC,min10_cells,PVR,1,-0.35818,0.05823,0.9912894282854396,False,False
OPC,min10_cells,APOE,3,-0.08286,0.15133,0.9877920929686972,False,False
OPC,min10_cells,APOC1,2,0.09206,0.86176,0.8944160793522142,False,True
OPC,min10_cells,APOC2,4,-0.14328,0.18299,0.988750092830326,False,False
OPC,min10_cells,PGLYRP1,1,-0.13423,-1.1817,,False,True
OPC,min10_cells,IGFL4,7,-0.00429,-0.61525,0.749170733419246,False,True
OPC,min10_cells,FKRP,2,0.26034,0.00953,0.9980629726916592,False,True
OPC,min10_cells,CA11,1,0.10681,-0.07244,0.9947067405987228,False,False
OPC,min10_cells,NTN5,1,-0.05925,-0.0994,,False,True
OPC,min10_cells,NUCB1,1,0.05225,0.28568,0.9571619666687806,False,True
OPC,min10_cells,FLT3LG,2,0.16193,1.114,0.8288350000784421,False,True
OPC,min10_cells,EMC10,2,-0.2385,0.43722,0.8114797366480652,False,False
OPC,min10_cells,CLEC11A,2,0.15124,0.06387,0.9947067405987228,False,True
OPC,min10_cells,KLK6,1,0.41838,-0.315,0.9863970854388464,False,False
OPC,min10_cells,KLK7,2,-0.27088,-0.41347,,False,True
OPC,min10_cells,IGLON5,2,-0.03634,0.13881,0.9868333685461788,False,False
OPC,min10_cells,SSC5D,4,0.4244,0.43728,0.9735885885534497,False,True
OPC,min10_cells,EDDM13,2,-0.21515,0.00178,0.9992469611201772,False,False
OPC,min10_cells,A1BG,1,-0.30732,0.81754,0.9571619666687806,False,False
OPC,min10_cells,RSPO4,2,-0.18397,0.94981,0.7997338762043479,False,False
OPC,min10_cells,PDYN,2,-0.40175,0.83286,,False,False
OPC,min10_cells,CPXM1,1,-0.42199,-0.79289,0.9414007480171036,False,True
OPC,min10_cells,ATRN,1,0.10323,-0.01698,0.9958380101955552,False,False
OPC,min10_cells,C20orf27,2,-0.03754,-0.30886,0.974218466816372,False,True
OPC,min10_cells,CHGB,2,0.1715,0.36152,0.9769504046620408,False,True
OPC,min10_cells,BMP2,3,-0.01902,-0.14927,0.982822977659108,False,True
OPC,min10_cells,ISM1,1,-0.50344,0.08093,,False,False
OPC,min10_cells,FLRT3,1,0.38233,-0.17223,0.982822977659108,False,False
OPC,min10_cells,PCSK2,2,0.05065,-0.03184,0.9947067405987228,False,False
OPC,min10_cells,CST3,2,0.09839,0.9011,0.705624175466279,False,True
OPC,min10_cells,ENTPD6,1,0.0746,0.0758,0.9863970854388464,False,True
OPC,min10_cells,ASIP,11,-0.15666,-0.17681,,False,True
OPC,min10_cells,MMP24,1,0.4765,0.17422,0.9798261454517028,False,True
OPC,min10_cells,SOGA1,2,0.36336,-0.30772,0.7709157804199066,False,False
OPC,min10_cells,VSTM2L,2,-0.2237,-0.39618,0.9658659293615544,False,True
OPC,min10_cells,EMILIN3,1,-0.09491,0.4332,0.95215016282549,False,False
OPC,min10_cells,MATN4,3,0.28153,-0.43027,0.9571619666687806,False,False
OPC,min10_cells,SDC4,1,0.18813,0.18925,0.9912894282854396,False,True
OPC,min10_cells,WFDC2,2,-0.1707,0.38922,,False,False
OPC,min10_cells,PLTP,1,-0.54439,0.25214,0.9863970854388464,False,False
OPC,min10_cells,CD40,1,0.56419,0.4633,,False,True
OPC,min10_cells,SULF2,1,-0.03336,0.07119,0.9869913305522994,False,False
OPC,min10_cells,BMP7,1,0.04278,0.09816,0.9704261062490552,False,True
OPC,min10_cells,GNAS,21,0.02248,0.27712,0.878588999890484,False,True
OPC,min10_cells,LAMA5,1,-0.28474,0.03123,0.9973477392005758,False,False
OPC,min10_cells,COL9A3,1,0.04454,-0.54243,0.3898272161470633,False,False
OPC,min10_cells,COL20A1,3,0.02805,0.05923,0.9920799220201402,False,True
OPC,min10_cells,TNFRSF6B,2,0.08538,1.45091,0.5543390137293063,False,True
OPC,min10_cells,LIPI,1,0.28292,0.55898,0.9414007480171036,False,True
OPC,min10_cells,CXADR,1,0.23159,-0.06772,0.9869913305522994,False,False
OPC,min10_cells,APP,8,0.38198,0.22201,0.8320949464835444,False,True
OPC,min10_cells,ADAMTS1,2,0.18598,-0.02614,0.9977729943991704,False,False
OPC,min10_cells,ADAMTS5,1,-0.10329,0.01579,0.9973477392005758,False,False
OPC,min10_cells,C21orf62,1,-0.62878,1.09444,0.5275933496744157,False,False
OPC,min10_cells,IFNAR2,1,0.19512,0.04112,0.9877920929686972,False,True
OPC,min10_cells,DSCAM,91,-0.07366,-0.28736,0.8217056604353198,False,True
OPC,min10_cells,ERVH48-1,2,-0.0027,0.7092,,False,False
OPC,min10_cells,COL18A1,14,-0.18856,-0.51557,0.9452698562479264,False,True
OPC,min10_cells,COL6A1,1,-0.10653,0.01814,0.9973477392005758,False,False
OPC,min10_cells,COL6A2,3,-0.1671,1.12483,0.9356149977979724,False,False
OPC,min10_cells,S100B,2,0.24475,0.42598,0.7997338762043479,False,True
OPC,min10_cells,IL17RA,1,-0.01087,0.18915,0.9576680566332504,False,False
OPC,min10_cells,ADA2,5,0.03484,0.20712,0.9691938722474084,False,True
OPC,min10_cells,C22orf39,1,0.06359,-0.21555,0.982822977659108,False,False
OPC,min10_cells,SERPIND1,4,0.08444,0.95173,,False,True
OPC,min10_cells,IGLV10-54,1,-0.37494,-0.09337,,False,True
OPC,min10_cells,IGLL1,1,0.08554,0.48449,,False,True
OPC,min10_cells,MIF,1,-0.00319,0.0865,0.9946674977591946,False,False
OPC,min10_cells,EMID1,1,0.24461,0.1983,0.9452535290127289,False,True
OPC,min10_cells,TCN2,3,0.16274,0.31399,0.95215016282549,False,True
OPC,min10_cells,BPIFC,1,-0.06502,0.29786,,False,False
OPC,min10_cells,TIMP3,3,0.01785,0.31723,0.8675803621252881,False,True
OPC,min10_cells,APOL4,2,-0.76842,0.6204,,False,False
OPC,min10_cells,C1QTNF6,2,0.39746,0.24054,0.9735885885534497,False,True
OPC,min10_cells,LGALS1,1,-0.09627,0.19696,0.982822977659108,False,False
OPC,min10_cells,PDGFB,4,-0.12674,-0.00273,0.9992469611201772,False,True
OPC,min10_cells,CHADL,2,0.05573,0.38781,0.9445926238513868,False,True
OPC,min10_cells,CCDC134,1,-0.33005,-0.52672,0.8821299531106955,False,True
OPC,min10_cells,SCUBE1,2,-0.88048,-2.22279,,False,True
OPC,min10_cells,FBLN1,3,-0.31345,-0.02517,0.9978584298112924,False,True
OPC,min10_cells,WNT7B,5,-0.03805,-0.50375,0.7624802113087851,False,True
OPC,min10_cells,TAFA5,61,-0.01191,-0.05558,0.982822977659108,False,True
OPC,min10_cells,CSF2RA,5,-0.05761,0.41272,0.982822977659108,False,False
OPC,min10_cells,DHRSX,2,0.00496,-0.05161,0.9912894282854396,False,False
OPC,min10_cells,ARSF,4,0.30217,-0.09249,0.9922539125278126,False,False
OPC,min10_cells,MXRA5,2,-0.18202,-0.44233,,False,True
OPC,min10_cells,ANOS1,1,0.28547,-0.16637,0.9654697958263334,False,False
OPC,min10_cells,VEGFD,2,0.09423,0.81658,0.9397473715413,False,True
OPC,min10_cells,APOO,1,0.09805,0.10498,0.982822977659108,False,True
OPC,min10_cells,SRPX,1,0.20421,0.41891,0.9630932191986386,False,True
OPC,min10_cells,NDP,2,-0.06977,0.20208,0.982822977659108,False,False
OPC,min10_cells,DIPK2B,1,-0.17548,0.1257,,False,False
OPC,min10_cells,TIMP1,1,0.44841,1.09162,0.5334330072091245,False,True
OPC,min10_cells,PCSK1N,2,-0.43565,0.47046,0.9242196440792504,False,False
OPC,min10_cells,EDA,5,-0.2287,-0.4626,0.3014952147798784,False,True
OPC,min10_cells,PDZD11,1,0.06398,0.7949,0.8038827360758575,False,True
OPC,min10_cells,SRPX2,2,-0.25245,0.59318,0.957645352504143,False,False
OPC,min10_cells,COL4A6,2,0.16532,-0.46982,,False,False
OPC,min10_cells,COL4A5,9,0.08551,-0.65582,0.961444011039232,False,False
OPC,min10_cells,CHRDL1,1,-0.15337,0.2135,0.9654697958263334,False,False
OPC,min10_cells,PGRMC1,1,-0.10779,0.24293,0.961444011039232,False,False
OPC,min10_cells,APLN,2,-0.14227,0.59503,,False,False
OPC,min10_cells,ENOX2,38,0.31855,0.19026,0.9668347055013504,False,True
OPC,min10_cells,IGSF1,11,0.42386,-0.50483,0.9589380311569368,False,False
OPC,min10_cells,GPC4,2,0.09844,-0.16499,0.9912664891822336,False,False
OPC,min10_cells,FGF13,15,-0.33814,-1.27555,0.0080219534301493,True,True
OPC,min10_cells,CD99L2,1,0.34853,-0.24917,0.8148198713163741,False,False
OPC,min10_cells,BGN,1,0.04085,-0.26663,0.957645352504143,False,False
OPC,min10_cells,FAM3A,1,0.01164,0.24455,0.9571619666687806,False,True
OPC,min10_cells,F8,3,0.57522,0.65058,0.4445781262898198,False,True
Endo,all_donors,ISG15,5,0.19596,-1.57322,0.3821141413938128,False,False
Endo,all_donors,AGRN,1,0.00937,-0.5125,0.9300367791998948,False,False
Endo,all_donors,VWA1,3,-0.20223,-0.06309,0.9982206668978284,False,True
Endo,all_donors,MEGF6,25,-0.42272,-0.71721,0.939173630558492,False,True
Endo,all_donors,TNFRSF25,1,-1.654,-0.70336,0.9622590648175704,False,True
Endo,all_donors,TNFRSF1B,2,0.48992,0.11199,0.9982206668978284,False,True
Endo,all_donors,NBL1,14,-0.24621,-0.17589,0.9982206668978284,False,True
Endo,all_donors,HSPG2,2,-0.3054,0.16385,0.9982206668978284,False,False
Endo,all_donors,C1QA,2,-0.62013,1.31394,0.7926344548366875,False,False
Endo,all_donors,C1QC,3,0.44733,2.48267,0.3139988023105164,False,True
Endo,all_donors,C1QB,3,0.7904,2.29621,0.3801729588371776,False,True
Endo,all_donors,TINAGL1,2,-0.2981,-0.1436,0.9982206668978284,False,True
Endo,all_donors,COL16A1,3,0.32337,0.39289,,False,True
Endo,all_donors,ADGRB2,5,-0.0114,-0.12579,,False,True
Endo,all_donors,CSF3R,1,-1.18408,1.17211,,False,False
Endo,all_donors,BMP8A,3,-0.43202,-1.86989,,False,True
Endo,all_donors,PPT1,6,0.07956,-0.10791,0.9982206668978284,False,False
Endo,all_donors,YBX1,1,-0.45851,-0.39081,0.9640577932247956,False,True
Endo,all_donors,P3H1,1,-0.02014,-0.05663,0.9982206668978284,False,True
Endo,all_donors,SVBP,1,-0.27168,0.18337,0.9982206668978284,False,False
Endo,all_donors,ST3GAL3,7,0.00675,0.31866,0.9640577932247956,False,True
Endo,all_donors,SPATA6,1,-0.39166,0.11348,0.9982206668978284,False,False
Endo,all_donors,GPX7,1,-0.27484,-0.03556,,False,True
Endo,all_donors,PODN,1,0.72521,0.85558,0.7960434780373615,False,True
Endo,all_donors,LRP8,1,0.022,-0.47991,0.9664465551886166,False,False
Endo,all_donors,LEPR,20,-0.18898,0.31524,0.9921788962684654,False,False
Endo,all_donors,CCN1,2,-0.45811,-0.61311,0.973587792225092,False,True
Endo,all_donors,COL24A1,1,-0.2298,0.05636,0.9982206668978284,False,False
Endo,all_donors,CLCA4,1,0.45177,1.5459,,False,True
Endo,all_donors,GBP1,1,-0.1312,-0.43999,0.9822071784358802,False,True
Endo,all_donors,TGFBR3,9,0.02231,0.75984,0.4932855964517463,False,True
Endo,all_donors,F3,2,0.11074,-0.39934,0.9982206668978284,False,False
Endo,all_donors,VCAM1,2,-0.38253,2.20487,0.3081381978957248,False,False
Endo,all_donors,EXTL2,1,-0.5222,-0.22253,0.9982206668978284,False,True
Endo,all_donors,OLFM3,25,0.50393,0.03068,,False,True
Endo,all_donors,COL11A1,1,0.54164,-1.00116,0.9664465551886166,False,False
Endo,all_donors,AMY2B,3,-0.11363,1.06385,0.8371241350555532,False,False
Endo,all_donors,CSF1,2,-0.02934,1.08543,0.6229059340624769,False,False
Endo,all_donors,WNT2B,3,-0.13898,-0.3406,0.9982206668978284,False,True
Endo,all_donors,OLFML3,2,0.39719,0.5717,0.9965449463526324,False,True
Endo,all_donors,NGF,1,0.00932,0.88109,,False,True
Endo,all_donors,NOTCH2NLA,1,1.03574,-0.46207,,False,False
Endo,all_donors,NOTCH2NLC,1,0.48343,0.54982,0.9982206668978284,False,True
Endo,all_donors,C1orf54,3,0.1964,-1.12042,0.248565402597253,False,False
Endo,all_donors,ECM1,3,-0.51628,-0.76591,0.8145994343935765,False,True
Endo,all_donors,CTSS,2,-0.33819,0.5172,0.9822071784358802,False,False
Endo,all_donors,C1orf56,2,-0.53911,0.72527,,False,False
Endo,all_donors,S100A13,2,0.20711,-0.22712,0.9982206668978284,False,False
Endo,all_donors,IL6R,3,0.37785,0.43219,0.9820809407837704,False,True
Endo,all_donors,EFNA1,2,0.09797,-0.00682,0.9982206668978284,False,False
Endo,all_donors,THBS3,1,0.38026,0.94538,,False,True
Endo,all_donors,NAXE,2,0.29504,0.43607,0.9982206668978284,False,True
Endo,all_donors,HAPLN2,1,-0.67774,-0.02938,0.9982206668978284,False,True
Endo,all_donors,BCAN,2,-0.12884,0.01273,0.9982206668978284,False,False
Endo,all_donors,HDGF,1,0.34763,-0.07303,0.9982206668978284,False,False
Endo,all_donors,COPA,1,-1.18628,-0.36535,0.9653595334223182,False,True
Endo,all_donors,CD48,2,1.63555,1.47454,,False,True
Endo,all_donors,ADAMTS4,4,0.31713,-0.32502,0.9982206668978284,False,False
Endo,all_donors,FCGR3A,1,-0.72462,2.06452,,False,False
Endo,all_donors,OLFML2B,14,0.505,0.60759,,False,True
Endo,all_donors,CREG1,1,-0.04797,0.06668,0.9982206668978284,False,False
Endo,all_donors,TNR,3,-1.04657,-1.05521,0.9448554224173982,False,True
Endo,all_donors,BRINP2,1,-0.47469,0.38858,,False,False
Endo,all_donors,ANGPTL1,1,0.44359,-0.30407,,False,False
Endo,all_donors,QSOX1,2,0.14518,0.01718,0.9982206668978284,False,True
Endo,all_donors,MR1,1,-0.2262,0.87088,,False,False
Endo,all_donors,LAMC1,1,-0.56541,-0.50372,0.9122310664096188,False,True
Endo,all_donors,HMCN1,1,0.26188,-0.1968,0.9982206668978284,False,False
Endo,all_donors,BRINP3,3,0.08755,-1.29582,0.8421225114916382,False,False
Endo,all_donors,CFH,2,-1.22624,0.85302,0.538952255578614,False,False
Endo,all_donors,CRB1,31,-0.84944,0.83362,0.9697148352303548,False,False
Endo,all_donors,RNPEP,1,-0.26675,0.54028,0.9679949449169856,False,False
Endo,all_donors,PRELP,3,-0.19264,0.29645,0.995454549732458,False,False
Endo,all_donors,CNTN2,2,-0.26165,1.5677,0.8136504536356737,False,False
Endo,all_donors,FCMR,2,-0.16245,1.10004,,False,False
Endo,all_donors,CD55,1,0.75842,-0.82776,0.8526294686121002,False,False
Endo,all_donors,NENF,1,0.05515,0.12932,0.9982206668978284,False,True
Endo,all_donors,TGFB2,3,0.16399,-0.05649,0.9982206668978284,False,False
Endo,all_donors,SUSD4,1,0.16119,-1.28552,0.6399146565933941,False,False
Endo,all_donors,GALNT2,1,-0.1324,-0.26763,0.9982206668978284,False,True
Endo,all_donors,AGT,1,-0.09745,0.71337,0.8426847535817811,False,False
Endo,all_donors,NID1,2,0.33241,-0.07095,0.9982206668978284,False,False
Endo,all_donors,GREM2,1,0.56763,-0.43348,0.9982206668978284,False,False
Endo,all_donors,NLRP3,2,-0.94191,-0.34338,,False,True
Endo,all_donors,PXDN,1,0.17995,-0.00091,0.9999991370356862,False,False
Endo,all_donors,COLEC11,5,-0.00518,1.12934,,False,False
Endo,all_donors,MATN3,3,-1.0908,0.46062,0.9921788962684654,False,False
Endo,all_donors,POMC,1,0.06776,-0.83965,,False,False
Endo,all_donors,EMILIN1,1,-0.01958,0.24372,0.9982206668978284,False,False
Endo,all_donors,CGREF1,2,-1.55918,-0.80315,,False,True
Endo,all_donors,FNDC4,1,0.04908,1.01037,,False,True
Endo,all_donors,LTBP1,27,0.34229,0.1036,0.9982206668978284,False,True
Endo,all_donors,CRIM1,2,0.27391,0.3643,0.9921788962684654,False,True
Endo,all_donors,QPCT,2,-0.0594,-0.16204,0.9982206668978284,False,True
Endo,all_donors,PKDCC,2,0.45448,-0.35698,,False,False
Endo,all_donors,EFEMP1,1,-1.01916,2.82171,0.0677950563424653,True,False
Endo,all_donors,TGFA,2,0.26412,-0.07874,0.9982206668978284,False,False
Endo,all_donors,PRADC1,1,0.04953,0.16351,0.9982206668978284,False,True
Endo,all_donors,LOXL3,1,0.42019,-0.07883,0.9982206668978284,False,False
Endo,all_donors,GNLY,1,0.79339,1.8664,0.502587127115771,False,True
Endo,all_donors,THNSL2,2,-0.19233,1.3468,,False,False
Endo,all_donors,MGAT4A,11,0.62382,-0.11711,0.9982206668978284,False,False
Endo,all_donors,CREG2,2,-0.76657,0.23707,0.9982206668978284,False,False
Endo,all_donors,IL1R1,9,0.20098,-0.13321,0.9982206668978284,False,False
Endo,all_donors,IL1RL1,3,1.37814,0.25042,0.9982206668978284,False,True
Endo,all_donors,ECRG4,1,-0.63323,-0.25547,,False,True
Endo,all_donors,MGAT5,36,0.03528,-0.23247,0.9798253995498232,False,False
Endo,all_donors,LYPD6,3,0.26503,-0.41149,,False,False
Endo,all_donors,NMI,1,0.40031,0.40166,0.9982206668978284,False,True
Endo,all_donors,TNFAIP6,2,-1.39507,-0.2588,,False,True
Endo,all_donors,PLA2R1,3,-0.02537,0.20003,0.9982206668978284,False,False
Endo,all_donors,FAP,3,-0.16833,1.38132,,False,False
Endo,all_donors,FRZB,2,0.05532,-0.41179,0.970256172641409,False,False
Endo,all_donors,TFPI,3,0.72965,-0.73603,0.7590604987202001,False,False
Endo,all_donors,COL3A1,1,0.10765,0.73199,0.9921788962684654,False,True
Endo,all_donors,COL5A2,1,-0.48048,-0.09327,0.9982206668978284,False,True
Endo,all_donors,TMEFF2,3,0.58932,0.15974,0.9982206668978284,False,True
Endo,all_donors,NRP2,2,-0.0972,-0.5677,0.696093451220098,False,True
Endo,all_donors,ADAM23,1,0.79352,-0.34156,0.9982206668978284,False,False
Endo,all_donors,VWC2L,1,0.49409,-0.09993,,False,False
Endo,all_donors,FN1,1,0.48781,-0.69635,0.3863446478988748,False,False
Endo,all_donors,IGFBP2,4,-0.59849,0.33542,0.9982206668978284,False,False
Endo,all_donors,IGFBP5,2,-0.95954,1.95065,0.3242000776507541,False,False
Endo,all_donors,WNT6,2,-0.38046,1.8199,,False,False
Endo,all_donors,ABCB6,1,0.15942,1.3043,,False,True
Endo,all_donors,GLB1L,2,0.34097,-0.62713,,False,False
Endo,all_donors,SCG2,2,-0.76201,-0.04379,0.9982206668978284,False,True
Endo,all_donors,SERPINE2,3,0.79371,0.6557,0.985457448971372,False,True
Endo,all_donors,COL4A4,1,-0.89705,-0.38171,0.9489212174731468,False,True
Endo,all_donors,COL4A3,1,-0.89705,-0.41374,0.9241177874347504,False,True
Endo,all_donors,SNORC,2,0.53033,0.28006,0.9982206668978284,False,True
Endo,all_donors,COL6A3,6,-0.48713,-0.46976,0.9982206668978284,False,True
Endo,all_donors,GPC1,6,-0.3318,0.11794,0.9982206668978284,False,False
Endo,all_donors,SNED1,12,-0.11892,-0.18331,0.9982206668978284,False,True
Endo,all_donors,CHL1,31,-0.17114,-0.30874,0.9982206668978284,False,True
Endo,all_donors,CNTN4,69,-0.79007,0.50808,0.9023111757388612,False,False
Endo,all_donors,TIMP4,1,-0.57697,2.14116,,False,False
Endo,all_donors,FBLN2,6,0.07392,-0.49652,0.9822071784358802,False,False
Endo,all_donors,COLQ,7,-0.78907,0.71325,0.9921788962684654,False,False
Endo,all_donors,BTD,8,0.09865,0.49924,0.9476491767436772,False,True
Endo,all_donors,TGFBR2,2,0.05053,-0.003,0.9982206668978284,False,False
Endo,all_donors,CRTAP,1,0.40235,0.26633,0.9982206668978284,False,True
Endo,all_donors,PDCD6IP,1,1.21767,-0.00257,0.9982206668978284,False,False
Endo,all_donors,CCK,4,-0.02018,-0.25747,0.9982206668978284,False,True
Endo,all_donors,GASK1A,2,0.41896,0.84461,0.9764412202655528,False,True
Endo,all_donors,CLEC3B,3,0.43489,-1.26847,0.5905268858632272,False,False
Endo,all_donors,LTF,2,0.09243,0.34168,,False,True
Endo,all_donors,TDGF1,3,-0.56318,-2.44743,,False,True
Endo,all_donors,CSPG5,1,0.36977,-0.42364,0.9982206668978284,False,False
Endo,all_donors,SPINK8,1,-0.9947,0.07135,0.9982206668978284,False,False
Endo,all_donors,PLXNB1,4,0.44278,1.6185,0.4753902478672392,False,True
Endo,all_donors,LAMB2,1,0.05804,-0.12552,0.9982206668978284,False,False
Endo,all_donors,DAG1,1,0.35684,-0.32215,0.9843398818539808,False,False
Endo,all_donors,SEMA3F,3,-0.54659,0.45821,0.995454549732458,False,False
Endo,all_donors,SEMA3B,3,-0.13301,-0.65273,0.9122310664096188,False,True
Endo,all_donors,HYAL1,2,-0.93338,-0.05007,0.9982206668978284,False,True
Endo,all_donors,MANF,1,0.09245,0.88756,0.8402510423789395,False,True
Endo,all_donors,SEMA3G,2,-0.19576,-0.69281,0.8424033724806006,False,True
Endo,all_donors,ITIH4,1,0.30142,0.13028,,False,True
Endo,all_donors,MUSTN1,2,-0.15924,-0.8748,0.77741700226153,False,True
Endo,all_donors,IL17RB,2,-0.61491,-0.6052,,False,True
Endo,all_donors,ADAMTS9,2,0.17311,-0.51334,0.9982206668978284,False,False
Endo,all_donors,TAFA1,53,-0.76462,-1.06996,0.745529608208603,False,True
Endo,all_donors,TAFA4,1,0.72496,-0.38659,,False,False
Endo,all_donors,EPHA3,1,0.04406,-0.02489,0.9982206668978284,False,False
Endo,all_donors,PROS1,2,-0.02575,0.32324,0.9982206668978284,False,False
Endo,all_donors,COL8A1,1,-0.12913,3.36435,0.5532853643709599,False,False
Endo,all_donors,ABI3BP,1,0.58477,1.56143,0.7537234561592424,False,True
Endo,all_donors,NXPE3,4,-0.42822,-0.01958,0.9982206668978284,False,True
Endo,all_donors,ALCAM,33,-0.28009,0.85256,0.7052542635371878,False,False
Endo,all_donors,CCDC80,2,-0.88679,0.42231,0.9982206668978284,False,False
Endo,all_donors,B4GALT4,3,0.23324,0.05534,0.9982206668978284,False,True
Endo,all_donors,PLA1A,2,-0.65386,1.82332,0.460889953069042,False,False
Endo,all_donors,FSTL1,1,0.09306,-0.18297,0.9982206668978284,False,False
Endo,all_donors,HEG1,1,-0.01853,-0.71532,0.2735055634250105,False,True
Endo,all_donors,TF,4,-1.05752,0.003,0.9993532299724712,False,False
Endo,all_donors,PCOLCE2,1,-0.62963,-0.81488,,False,True
Endo,all_donors,DIPK2A,1,-0.05234,0.23681,0.9982206668978284,False,False
Endo,all_donors,CP,2,0.83927,1.44061,0.7379406814611401,False,True
Endo,all_donors,IGSF10,2,-0.14857,0.22075,,False,False
Endo,all_donors,C3orf33,1,-0.14303,-0.22522,0.9982206668978284,False,True
Endo,all_donors,RARRES1,2,0.36294,0.48956,,False,True
Endo,all_donors,BCHE,2,0.75604,-0.69188,,False,False
Endo,all_donors,SERPINI1,1,-0.17412,-0.59753,0.9474539751380004,False,True
Endo,all_donors,TNFSF10,1,-0.6286,-0.58225,0.9915724805311884,False,True
Endo,all_donors,ST6GAL1,29,-0.15995,-0.3815,0.9965449463526324,False,True
Endo,all_donors,MASP1,2,0.93077,2.15083,0.7576241344627852,False,True
Endo,all_donors,IL1RAP,12,-0.06422,-0.27148,0.9982206668978284,False,True
Endo,all_donors,APOD,3,-0.02456,3.2495,0.0011669395953438,True,False
Endo,all_donors,MUC20,3,1.74447,0.79761,,False,True
Endo,all_donors,TFRC,1,0.29604,-0.23983,0.9982206668978284,False,False
Endo,all_donors,FBXO45,1,0.18904,-0.39688,0.9965449463526324,False,False
Endo,all_donors,FGFR3,2,0.26476,-0.24143,0.9982206668978284,False,False
Endo,all_donors,C4orf48,1,-0.13542,0.48057,0.9954390173169492,False,False
Endo,all_donors,MAN2B2,1,0.35478,0.14471,0.9982206668978284,False,True
Endo,all_donors,C1QTNF7,20,0.62179,0.20104,0.9982206668978284,False,True
Endo,all_donors,SLIT2,2,-0.08971,-0.2561,0.9982206668978284,False,True
Endo,all_donors,SOD3,1,0.47614,2.27927,0.3407671925949733,False,True
Endo,all_donors,LGI2,2,-0.28679,2.21868,,False,False
Endo,all_donors,SMIM20,1,-0.70758,-0.22148,,False,True
Endo,all_donors,CORIN,10,-0.13669,1.62521,,False,False
Endo,all_donors,ERVMER34-1,1,-1.69406,0.14704,,False,False
Endo,all_donors,KDR,2,0.0356,-1.36106,0.0194840384537841,True,False
Endo,all_donors,IGFBP7,1,-0.13538,-0.01086,0.9982206668978284,False,True
Endo,all_donors,CXCL8,1,-0.90878,0.0135,0.9982206668978284,False,False
Endo,all_donors,CXCL1,1,-0.77224,1.32856,0.8856990343640121,False,False
Endo,all_donors,CXCL2,2,0.23744,1.90346,0.9640577932247956,False,True
Endo,all_donors,ANTXR2,1,-0.30271,0.60604,0.8674542621843644,False,False
Endo,all_donors,SPARCL1,3,-0.46775,-0.14421,0.9982206668978284,False,True
Endo,all_donors,SPP1,4,0.24719,0.41975,0.9982206668978284,False,True
Endo,all_donors,PKD2,8,-0.26295,0.06391,0.9982206668978284,False,False
Endo,all_donors,SNCA,1,-0.28485,1.26453,0.460889953069042,False,False
Endo,all_donors,NPNT,1,0.736,-0.48645,0.9982206668978284,False,False
Endo,all_donors,AIMP1,1,-0.27673,0.26471,0.9982206668978284,False,False
Endo,all_donors,DKK2,21,0.13248,4.44937,0.0752509106177958,True,True
Endo,all_donors,COL25A1,30,0.20829,-0.31608,0.9982206668978284,False,False
Endo,all_donors,PLA2G12A,1,1.21476,0.56721,0.9622590648175704,False,True
Endo,all_donors,CFI,3,-0.56982,1.07975,0.4846553334117614,False,False
Endo,all_donors,ARSJ,1,0.14466,0.7272,,False,True
Endo,all_donors,PRSS12,1,0.06284,-1.71999,0.5254481021033247,False,False
Endo,all_donors,FGF2,1,0.89325,0.04677,0.9982206668978284,False,True
Endo,all_donors,ABHD18,1,-0.22842,0.40502,0.9193065370476358,False,False
Endo,all_donors,PGRMC2,2,-0.25289,0.03257,0.9982206668978284,False,False
Endo,all_donors,IL15,9,0.27603,0.51538,0.9664465551886166,False,True
Endo,all_donors,HHIP,2,0.37846,0.777,0.9664465551886166,False,True
Endo,all_donors,PRSS48,1,0.77544,-0.01783,,False,False
Endo,all_donors,SFRP2,3,0.49399,0.65397,,False,True
Endo,all_donors,PDGFC,2,0.08859,0.73354,0.8138976489412638,False,True
Endo,all_donors,FSTL5,1,2.22728,-0.1023,0.9982206668978284,False,False
Endo,all_donors,CPE,1,-0.06366,-0.07384,0.9982206668978284,False,True
Endo,all_donors,TLL1,1,0.79703,0.95751,0.8930057710905791,False,True
Endo,all_donors,SPOCK3,24,0.18623,0.09935,0.9982206668978284,False,True
Endo,all_donors,HMGB2,1,-0.16797,-0.09876,0.9982206668978284,False,True
Endo,all_donors,SCRG1,1,0.74349,-0.5157,0.9982206668978284,False,False
Endo,all_donors,VEGFC,1,-0.17047,0.03922,0.9982206668978284,False,False
Endo,all_donors,SNX25,3,0.04354,0.49068,0.9622590648175704,False,True
Endo,all_donors,KLKB1,1,-0.17582,0.97326,0.9798253995498232,False,False
Endo,all_donors,EXOC3-AS1,2,-1.29077,0.36121,,False,False
Endo,all_donors,ADAMTS16,2,0.44461,-0.63911,,False,False
Endo,all_donors,NSUN2,1,0.23753,-0.33931,0.9822071784358802,False,False
Endo,all_donors,PDZD2,1,-0.2667,0.04987,0.9982206668978284,False,False
Endo,all_donors,ADAMTS12,2,1.85873,-0.04515,,False,False
Endo,all_donors,C1QTNF3,2,-0.02345,0.8162,,False,False
Endo,all_donors,PRLR,28,-0.62968,1.53622,,False,False
Endo,all_donors,IL7R,2,1.49264,0.40244,,False,True
Endo,all_donors,LIFR,11,-0.02776,0.2835,0.9982206668978284,False,False
Endo,all_donors,GHR,16,-0.42199,0.22008,0.9982206668978284,False,False
Endo,all_donors,SELENOP,5,0.53054,-0.0038,0.9982206668978284,False,False
Endo,all_donors,CCL28,3,-0.50112,0.06638,,False,False
Endo,all_donors,IL6ST,5,-0.11377,-0.0644,0.9982206668978284,False,True
Endo,all_donors,ADAMTS6,2,0.27732,1.27238,0.4288011243993978,False,True
Endo,all_donors,AGGF1,1,-0.22679,-0.00806,0.9982206668978284,False,True
Endo,all_donors,ZBED3,1,-0.03181,-0.24381,0.9982206668978284,False,True
Endo,all_donors,THBS4,2,0.14435,0.51352,0.9982206668978284,False,True
Endo,all_donors,VCAN,2,0.47093,0.38097,0.9982206668978284,False,True
Endo,all_donors,EDIL3,2,-0.94447,-0.02255,0.9982206668978284,False,True
Endo,all_donors,ARSK,1,0.71301,-0.01914,0.9982206668978284,False,False
Endo,all_donors,PCSK1,2,-0.58991,-0.47627,,False,True
Endo,all_donors,ERAP1,2,-0.09421,-0.68609,0.6399146565933941,False,True
Endo,all_donors,ERAP2,3,0.09787,-0.0296,0.9982206668978284,False,False
Endo,all_donors,LNPEP,2,0.24331,0.01618,0.9982206668978284,False,True
Endo,all_donors,ST8SIA4,2,-0.09466,-0.03832,0.9982206668978284,False,True
Endo,all_donors,PAM,2,0.44755,-0.51261,0.6044557702902992,False,False
Endo,all_donors,ADAMTS19,2,0.89346,0.23786,0.9982206668978284,False,True
Endo,all_donors,CXCL14,1,0.11696,-0.94235,0.9221403673180456,False,False
Endo,all_donors,TGFBI,7,0.49908,1.3548,0.9241177874347504,False,True
Endo,all_donors,SPOCK1,66,-0.27596,0.85837,0.9241177874347504,False,False
Endo,all_donors,NRG2,33,-0.06998,0.74975,0.9193065370476358,False,False
Endo,all_donors,HBEGF,1,0.4113,-1.18459,0.6399146565933941,False,False
Endo,all_donors,CD14,2,-0.4761,-0.31345,0.9982206668978284,False,True
Endo,all_donors,PCDHA10,1,-0.77012,0.3063,,False,False
Endo,all_donors,PCDH12,2,-1.13395,-0.80059,,False,True
Endo,all_donors,NDFIP1,2,0.00392,-0.02583,0.9982206668978284,False,False
Endo,all_donors,FGF1,19,0.30184,-0.08198,0.9982206668978284,False,False
Endo,all_donors,PCYOX1L,2,0.11546,0.63317,,False,True
Endo,all_donors,CD74,3,0.42094,0.52424,0.9664465551886166,False,True
Endo,all_donors,GPX3,2,0.77663,1.86442,0.4846553334117614,False,True
Endo,all_donors,SPARC,2,0.9546,0.24746,0.9982206668978284,False,True
Endo,all_donors,C1QTNF2,1,1.71895,-0.12089,,False,False
Endo,all_donors,SLIT3,92,-0.39186,0.84322,0.9241177874347504,False,False
Endo,all_donors,STC2,3,0.75262,-1.50843,,False,False
Endo,all_donors,ADAMTS2,1,0.60221,0.51933,,False,True
Endo,all_donors,FLT4,2,-0.64855,-0.60493,0.9965449463526324,False,True
Endo,all_donors,SERPINB1,1,1.07397,0.22737,0.9982206668978284,False,True
Endo,all_donors,F13A1,1,-0.31745,1.36974,0.8674542621843644,False,False
Endo,all_donors,LY86,2,0.89597,1.0747,,False,True
Endo,all_donors,BMP6,2,-0.22877,-0.48254,0.9393028807017562,False,True
Endo,all_donors,EDN1,3,-0.87969,-1.10337,0.8136504536356737,False,True
Endo,all_donors,GFOD1,24,-0.4001,-0.2967,0.9843398818539808,False,True
Endo,all_donors,KIAA0319,18,0.20616,0.34196,0.9982206668978284,False,True
Endo,all_donors,GABBR1,2,0.25559,-0.11675,0.9982206668978284,False,False
Endo,all_donors,HLA-E,2,0.67451,-0.06618,0.9982206668978284,False,False
Endo,all_donors,DDR1,4,0.24301,0.84007,0.9664465551886166,False,True
Endo,all_donors,BAG6,1,0.37984,-0.11307,0.9982206668978284,False,False
Endo,all_donors,LY6G5C,1,-0.59029,0.33123,,False,False
Endo,all_donors,HSPA1A,1,0.23202,-0.12062,0.9982206668978284,False,False
Endo,all_donors,C2,8,0.04227,-0.61098,,False,False
Endo,all_donors,CFB,1,0.07642,1.97929,0.3500434377771391,False,True
Endo,all_donors,TNXB,11,0.37287,-0.01981,0.9982206668978284,False,False
Endo,all_donors,EGFL8,1,-0.12093,-0.60329,0.9474539751380004,False,True
Endo,all_donors,CUTA,2,0.28635,0.04918,0.9982206668978284,False,True
Endo,all_donors,PI16,5,-0.12571,0.70062,,False,False
Endo,all_donors,PTK7,1,0.62819,1.38845,,False,True
Endo,all_donors,VEGFA,1,-0.10766,0.04821,0.9982206668978284,False,False
Endo,all_donors,HSP90AB1,1,0.03045,-0.24664,0.9843398818539808,False,False
Endo,all_donors,ENPP5,2,1.27241,0.79993,,False,True
Endo,all_donors,COL21A1,15,0.24716,1.96443,0.5922143779010139,False,True
Endo,all_donors,EYS,16,0.27735,-0.91525,0.8991759486664139,False,False
Endo,all_donors,COL9A1,5,-1.06728,0.45015,0.9982206668978284,False,False
Endo,all_donors,COL12A1,5,-0.4664,0.70737,0.977698230152696,False,False
Endo,all_donors,CD164,2,0.0966,-0.03355,0.9982206668978284,False,False
Endo,all_donors,METTL24,1,2.25627,1.78065,,False,True
Endo,all_donors,LAMA4,2,1.2389,-1.08049,0.049719611057247,True,False
Endo,all_donors,SMPDL3A,1,-0.46185,0.87765,,False,False
Endo,all_donors,RSPO3,1,-0.87377,0.1275,,False,False
Endo,all_donors,LAMA2,1,0.19808,-0.41742,0.9664465551886166,False,False
Endo,all_donors,ENPP3,2,-0.27723,0.69769,,False,False
Endo,all_donors,CCN2,1,-0.72397,-0.07622,0.9982206668978284,False,True
Endo,all_donors,FUCA2,1,0.56894,0.3697,0.9982206668978284,False,True
Endo,all_donors,VIP,2,0.80336,-0.6247,,False,False
Endo,all_donors,FNDC1,1,-1.88317,-0.35979,,False,True
Endo,all_donors,RNASET2,1,-0.03749,0.28495,0.9982206668978284,False,False
Endo,all_donors,SMOC2,35,-0.38953,-0.45237,0.711224677862056,False,True
Endo,all_donors,THBS2,2,-0.40009,0.25092,0.9982206668978284,False,False
Endo,all_donors,C6orf120,2,0.13273,-0.16736,,False,False
Endo,all_donors,FAM20C,1,-0.3509,-0.6708,0.8818310874253155,False,True
Endo,all_donors,PDGFA,2,0.53182,-0.04594,0.9982206668978284,False,False
Endo,all_donors,NXPH1,48,-0.02961,-1.36933,0.9448554224173982,False,True
Endo,all_donors,THSD7A,1,-0.83438,0.53775,0.9474539751380004,False,False
Endo,all_donors,IL6,4,-0.30857,1.31511,,False,False
Endo,all_donors,CCDC126,1,-0.19956,0.28301,0.9982206668978284,False,False
Endo,all_donors,NPY,3,0.95681,0.31433,,False,True
Endo,all_donors,HNRNPA2B1,1,0.02394,-0.0026,0.9982206668978284,False,False
Endo,all_donors,BMPER,1,-0.4771,0.21442,0.9982206668978284,False,False
Endo,all_donors,AOAH,2,-0.16228,1.04784,0.9193065370476358,False,False
Endo,all_donors,EPDR1,27,0.047,0.69124,0.9241177874347504,False,True
Endo,all_donors,AEBP1,6,0.03372,0.64693,0.9834593979112992,False,True
Endo,all_donors,PPIA,1,-0.08223,-0.09987,0.9982206668978284,False,True
Endo,all_donors,IGFBP3,3,0.47169,1.98856,0.3081381978957248,False,True
Endo,all_donors,VWC2,1,-0.23897,-0.67872,,False,True
Endo,all_donors,EGFR,44,-0.15592,-0.85509,0.3863446478988748,False,True
Endo,all_donors,STX1A,4,0.77268,0.97893,,False,True
Endo,all_donors,ELN,1,0.10533,0.66043,0.9834593979112992,False,True
Endo,all_donors,ZP3,10,-0.859,0.22264,,False,False
Endo,all_donors,FGL2,2,0.47719,-0.34384,0.9982206668978284,False,False
Endo,all_donors,SEMA3C,2,0.03613,0.57084,0.9982206668978284,False,True
Endo,all_donors,HGF,1,0.42394,-1.70277,0.5401116773713673,False,False
Endo,all_donors,SEMA3E,1,0.33691,-0.45763,0.9982206668978284,False,False
Endo,all_donors,SEMA3A,2,0.14771,1.34059,0.9393028807017562,False,True
Endo,all_donors,SEMA3D,7,0.16291,1.40899,,False,True
Endo,all_donors,TFPI2,1,0.02064,-0.8195,,False,False
Endo,all_donors,COL1A2,1,-1.26062,0.2739,0.9965449463526324,False,False
Endo,all_donors,PON3,1,-0.83073,0.18679,0.9982206668978284,False,False
Endo,all_donors,PON2,1,-0.29189,-0.13069,0.9982206668978284,False,True
Endo,all_donors,NPTX2,1,-1.61319,1.05274,,False,False
Endo,all_donors,CNPY4,1,1.04755,-0.17252,,False,False
Endo,all_donors,PILRA,2,1.32385,1.59141,,False,True
Endo,all_donors,PCOLCE,1,0.49166,0.47039,,False,True
Endo,all_donors,SERPINE1,1,-0.64107,-0.61965,0.9982206668978284,False,True
Endo,all_donors,VGF,3,-0.80436,-1.2439,,False,True
Endo,all_donors,PLOD3,1,0.00037,0.45208,0.9843398818539808,False,True
Endo,all_donors,COL26A1,1,-1.34857,-0.42777,0.9982206668978284,False,True
Endo,all_donors,LRRC17,2,-1.02825,-0.65776,0.9965449463526324,False,True
Endo,all_donors,RELN,1,1.26588,0.16897,,False,True
Endo,all_donors,NAMPT,1,0.07101,0.56245,0.9354881847397016,False,True
Endo,all_donors,LAMB1,1,-1.18422,-0.32327,0.9982206668978284,False,True
Endo,all_donors,NRCAM,51,0.01118,0.17358,0.9982206668978284,False,True
Endo,all_donors,MDFIC,1,-0.33271,0.90152,0.696093451220098,False,False
Endo,all_donors,MET,9,0.71443,1.23768,,False,True
Endo,all_donors,FAM3C,2,0.1381,0.20204,0.9982206668978284,False,True
Endo,all_donors,PTPRZ1,1,0.34877,-0.6061,0.9808233985726134,False,False
Endo,all_donors,HILPDA,2,0.26852,1.59587,0.4967788422115781,False,True
Endo,all_donors,CALU,1,0.17831,0.50439,0.8084967715133126,False,True
Endo,all_donors,PTN,1,-0.19495,-0.57925,0.6399146565933941,False,True
Endo,all_donors,EPHB6,1,-0.34036,0.70237,,False,False
Endo,all_donors,RARRES2,1,-0.20479,0.05794,0.9982206668978284,False,False
Endo,all_donors,ANGPT2,1,-0.99762,0.36299,0.9982206668978284,False,False
Endo,all_donors,CTSB,1,-0.07028,0.24413,0.9982206668978284,False,False
Endo,all_donors,PDGFRL,2,0.23749,0.57773,,False,True
Endo,all_donors,ASAH1,2,0.67714,-0.11526,0.9982206668978284,False,False
Endo,all_donors,LPL,1,0.58058,0.37049,0.9622590648175704,False,True
Endo,all_donors,BMP1,1,-0.838,0.45834,,False,False
Endo,all_donors,PEBP4,1,0.32508,-0.31473,0.9982206668978284,False,False
Endo,all_donors,LOXL2,1,-0.17092,0.8098,0.9448554224173982,False,False
Endo,all_donors,STC1,2,0.5576,0.67896,0.9982206668978284,False,True
Endo,all_donors,ADAM28,2,-0.45888,0.83165,0.9640577932247956,False,False
Endo,all_donors,CLU,2,-0.04586,0.83171,0.876623062676187,False,False
Endo,all_donors,NRG1,89,-0.60457,-0.70613,0.9797295380839568,False,True
Endo,all_donors,ADAM9,1,0.05697,-0.04741,0.9982206668978284,False,False
Endo,all_donors,SFRP1,1,1.70473,1.64427,,False,True
Endo,all_donors,PLAT,3,0.19703,-1.81225,0.0015170246282148,True,False
Endo,all_donors,PXDNL,2,0.80913,0.72485,0.9664465551886166,False,True
Endo,all_donors,SDCBP,2,0.50245,-0.33902,0.9664465551886166,False,False
Endo,all_donors,GGH,1,-0.42261,0.90776,,False,False
Endo,all_donors,SULF1,6,-0.61918,4.00475,0.4470344970642882,False,False
Endo,all_donors,LY96,1,-0.59847,0.76904,0.9085131376596548,False,False
Endo,all_donors,CRISPLD1,2,0.31946,-0.28239,,False,False
Endo,all_donors,IL7,2,0.58648,1.16007,0.696093451220098,False,True
Endo,all_donors,FABP5,1,0.15129,1.0187,0.8419612466882677,False,True
Endo,all_donors,MMP16,1,0.22461,-1.3024,0.3407671925949733,False,False
Endo,all_donors,CPQ,1,-0.59165,0.28786,0.9241177874347504,False,False
Endo,all_donors,MATN2,6,-0.63651,0.14235,0.9982206668978284,False,False
Endo,all_donors,CTHRC1,2,-0.52726,0.28354,,False,False
Endo,all_donors,TNFRSF11B,1,0.52075,-0.02667,,False,False
Endo,all_donors,CCN3,1,-0.09641,-0.34126,0.9982206668978284,False,True
Endo,all_donors,ENPP2,21,0.74466,0.64734,0.9664465551886166,False,True
Endo,all_donors,COL14A1,14,0.91101,-0.25941,0.9982206668978284,False,False
Endo,all_donors,CCN4,1,-0.22207,0.34045,0.9982206668978284,False,False
Endo,all_donors,ST3GAL1,1,0.1696,-0.3657,0.9193065370476358,False,False
Endo,all_donors,ADGRB1,9,-0.21672,0.40046,,False,False
Endo,all_donors,LY6K,1,-1.09337,-0.85902,,False,True
Endo,all_donors,THEM6,1,0.04397,-0.22617,,False,False
Endo,all_donors,GSDMD,2,0.05977,0.22328,0.9982206668978284,False,True
Endo,all_donors,INSL6,1,-0.62446,0.4897,0.9982206668978284,False,False
Endo,all_donors,CD274,2,0.54553,0.33671,,False,True
Endo,all_donors,PDCD1LG2,4,0.92454,0.97626,,False,True
Endo,all_donors,IL33,9,-1.09746,1.47441,,False,False
Endo,all_donors,FREM1,16,0.65169,2.057,,False,True
Endo,all_donors,ADAMTSL1,46,0.66899,0.78108,,False,True
Endo,all_donors,TEK,1,-1.91104,-1.05763,0.3720341084166308,False,True
Endo,all_donors,C9orf72,1,0.07448,-0.15896,0.9982206668978284,False,False
Endo,all_donors,B4GALT1,1,0.07737,-0.11927,0.9982206668978284,False,False
Endo,all_donors,PRSS3,12,-1.46077,-2.56405,0.000154866141069,True,True
Endo,all_donors,ENHO,1,0.39096,0.13601,0.9982206668978284,False,True
Endo,all_donors,IL11RA,2,-0.25982,0.95579,,False,False
Endo,all_donors,MAMDC2,1,0.67256,1.22662,0.9085131376596548,False,True
Endo,all_donors,ANXA1,5,-1.0088,-0.09013,0.9982206668978284,False,True
Endo,all_donors,PCSK5,1,0.54266,0.61026,0.9400670099180182,False,True
Endo,all_donors,CTSL,1,0.13835,0.55916,0.9393028807017562,False,True
Endo,all_donors,OGN,1,-0.46559,2.10557,0.7073528412403485,False,False
Endo,all_donors,ASPN,2,-0.46368,0.86709,0.9664465551886166,False,False
Endo,all_donors,ECM2,4,-0.68804,0.39938,0.9822071784358802,False,False
Endo,all_donors,NINJ1,3,-0.12858,0.82798,0.9193065370476358,False,False
Endo,all_donors,COL15A1,1,0.43789,0.79024,,False,True
Endo,all_donors,TXN,1,-0.34172,-0.02415,0.9982206668978284,False,True
Endo,all_donors,SVEP1,1,-0.18938,-1.26954,0.9241177874347504,False,True
Endo,all_donors,COL27A1,2,0.155,-0.45507,0.9965449463526324,False,False
Endo,all_donors,TNC,6,2.64895,2.54624,0.7361395785532047,False,True
Endo,all_donors,PAPPA,2,-0.41806,-1.53008,,False,True
Endo,all_donors,GSN,31,0.50051,0.37139,0.9474539751380004,False,True
Endo,all_donors,CRB2,5,0.4263,1.67667,,False,True
Endo,all_donors,OLFML2A,9,-0.08621,-0.34864,0.9982206668978284,False,True
Endo,all_donors,ANGPTL2,1,-0.08196,-0.86158,,False,True
Endo,all_donors,TOR2A,1,0.19383,1.30226,,False,True
Endo,all_donors,LAMC3,1,0.68749,-0.25072,0.9982206668978284,False,False
Endo,all_donors,ABO,4,-0.41649,-0.32322,0.9843398818539808,False,True
Endo,all_donors,ADAMTSL2,2,-1.34927,-0.91449,,False,True
Endo,all_donors,COL5A1,1,-0.58624,-0.09755,0.9982206668978284,False,True
Endo,all_donors,OLFM1,4,-0.19163,0.05415,0.9982206668978284,False,False
Endo,all_donors,QSOX2,2,-0.13302,-1.4689,0.5401116773713673,False,True
Endo,all_donors,EGFL7,2,-0.23478,-0.59573,0.8386509530748588,False,True
Endo,all_donors,LCN6,2,-0.11884,0.52861,,False,False
Endo,all_donors,PTGDS,2,-0.40738,0.03019,0.9982206668978284,False,False
Endo,all_donors,CLIC3,1,-0.2077,-1.68755,,False,True
Endo,all_donors,DPP7,2,0.19004,0.33553,0.9982206668978284,False,True
Endo,all_donors,IL15RA,1,-0.25155,0.76864,0.9299871848607952,False,False
Endo,all_donors,ITIH5,9,-0.37364,-0.61386,0.7686928462891307,False,True
Endo,all_donors,CCDC3,19,0.0429,-0.62041,0.8257914075865923,False,False
Endo,all_donors,CDNF,2,-0.37133,0.99551,,False,False
Endo,all_donors,NRP1,1,0.37154,-0.10376,0.9982206668978284,False,False
Endo,all_donors,CXCL12,2,-0.66223,-0.19876,0.9982206668978284,False,True
Endo,all_donors,VSTM4,2,-0.39918,0.28164,0.9982206668978284,False,False
Endo,all_donors,PCDH15,3,-0.98526,-1.74227,0.6229059340624769,False,True
Endo,all_donors,SRGN,3,0.51021,0.0382,0.9982206668978284,False,True
Endo,all_donors,NODAL,1,-1.6501,-1.53551,,False,True
Endo,all_donors,ADAMTS14,3,0.31195,1.38671,,False,True
Endo,all_donors,PSAP,2,0.23692,0.19929,0.9982206668978284,False,True
Endo,all_donors,SPOCK2,2,-0.2581,-0.74303,0.676168648817462,False,True
Endo,all_donors,PLAU,1,0.82792,0.77218,,False,True
Endo,all_donors,PLAC9,3,0.75403,0.71785,0.9536280109259396,False,True
Endo,all_donors,PRXL2A,6,-0.21356,0.34143,0.9822071784358802,False,False
Endo,all_donors,NRG3,169,-0.49167,0.25114,0.9982206668978284,False,False
Endo,all_donors,MMRN2,2,0.30433,-0.09531,0.9982206668978284,False,False
Endo,all_donors,MINPP1,2,0.25599,0.05099,0.9982206668978284,False,True
Endo,all_donors,PTEN,1,0.26209,0.14218,0.9982206668978284,False,True
Endo,all_donors,RNLS,1,0.16459,0.09598,0.9982206668978284,False,True
Endo,all_donors,FAS,1,0.11023,0.58676,0.9193065370476358,False,True
Endo,all_donors,FGFBP3,1,-0.32264,-0.12088,,False,True
Endo,all_donors,IDE,10,-0.11705,0.24749,0.9982206668978284,False,False
Endo,all_donors,LGI1,2,-0.53334,0.72919,0.977698230152696,False,False
Endo,all_donors,TLL2,1,0.40645,-0.00536,,False,False
Endo,all_donors,SLIT1,2,1.77346,-0.62684,0.9822071784358802,False,False
Endo,all_donors,HPSE2,35,0.39815,2.08992,,False,True
Endo,all_donors,CASP7,7,0.02753,-0.03308,0.9982206668978284,False,False
Endo,all_donors,VWA2,1,0.16126,0.26708,0.9982206668978284,False,True
Endo,all_donors,FGFR2,18,0.46542,0.62397,0.9834593979112992,False,True
Endo,all_donors,HTRA1,3,0.28113,-0.35461,0.9982206668978284,False,False
Endo,all_donors,FAM24B,1,-0.14032,-1.11238,,False,True
Endo,all_donors,MMP21,2,0.13714,-0.04206,,False,False
Endo,all_donors,ADAM12,2,0.99544,-1.39701,0.9203734389756338,False,False
Endo,all_donors,DEAF1,2,0.24919,0.008,0.9982206668978284,False,True
Endo,all_donors,GATD1,1,0.18628,0.36704,,False,True
Endo,all_donors,CHID1,3,-0.34584,-0.42219,0.9798253995498232,False,True
Endo,all_donors,CTSD,1,-0.78597,1.06468,0.5382779986677332,False,False
Endo,all_donors,SMPD1,1,0.56627,-0.09456,0.9982206668978284,False,False
Endo,all_donors,OLFML1,3,1.02373,-0.08666,,False,False
Endo,all_donors,TUB,22,-0.46362,1.06371,,False,False
Endo,all_donors,SCUBE2,1,-0.60192,0.3878,0.9982206668978284,False,False
Endo,all_donors,ADM,5,0.35107,-1.2055,0.8341111142626818,False,False
Endo,all_donors,MTRNR2L8,1,0.05999,-0.73663,0.8784630281834493,False,False
Endo,all_donors,DKK3,2,-0.11081,0.34339,0.9820809407837704,False,False
Endo,all_donors,SPON1,1,0.85226,-0.23431,0.9982206668978284,False,False
Endo,all_donors,NUCB2,1,-0.23375,0.13642,0.9982206668978284,False,False
Endo,all_donors,NELL1,2,-0.69352,-1.179,0.9307180598069142,False,True
Endo,all_donors,LUZP2,27,-0.35226,-0.69841,0.9797295380839568,False,True
Endo,all_donors,FIBIN,3,0.20852,1.1913,,False,True
Endo,all_donors,BDNF,15,0.17923,0.82297,,False,True
Endo,all_donors,CD59,5,-0.601,-0.38725,0.9822071784358802,False,True
Endo,all_donors,CD44,13,0.37101,0.55159,0.9476491767436772,False,True
Endo,all_donors,PAMR1,12,0.73743,0.22325,0.9982206668978284,False,True
Endo,all_donors,FJX1,2,-0.24599,0.73796,,False,False
Endo,all_donors,EXT2,2,0.61218,0.32628,0.973587792225092,False,True
Endo,all_donors,MDK,1,-0.17468,-0.63515,0.9474539751380004,False,True
Endo,all_donors,C1QTNF4,3,0.00358,-0.46702,,False,False
Endo,all_donors,PTPRJ,1,-0.46062,0.44477,0.9798253995498232,False,False
Endo,all_donors,SERPING1,1,-0.64071,0.58062,0.8421225114916382,False,False
Endo,all_donors,VEGFB,2,-0.12427,1.30803,0.5194126925754785,False,False
Endo,all_donors,LTBP3,4,-0.06503,0.25363,0.9982206668978284,False,False
Endo,all_donors,EFEMP2,1,-0.12861,0.01823,0.9982206668978284,False,False
Endo,all_donors,IL18BP,2,0.09549,1.80518,,False,True
Endo,all_donors,TSKU,3,0.02168,0.06381,,False,True
Endo,all_donors,PRSS23,1,-0.5875,0.07552,0.9982206668978284,False,False
Endo,all_donors,ENDOD1,1,-0.41615,-0.47602,0.7836298865248615,False,True
Endo,all_donors,PDGFD,1,0.79767,1.82169,0.7897417476611661,False,True
Endo,all_donors,CASP4,3,-0.44489,0.29553,0.9982206668978284,False,False
Endo,all_donors,CRYAB,5,0.52165,0.55259,0.9822071784358802,False,True
Endo,all_donors,IL18,1,-0.99426,1.82413,,False,False
Endo,all_donors,NCAM1,1,-0.21007,0.58118,0.973587792225092,False,False
Endo,all_donors,TMEM25,1,-0.68083,0.47687,,False,False
Endo,all_donors,NECTIN1,2,0.27494,-1.16651,0.8930057710905791,False,False
Endo,all_donors,OAF,1,0.36825,0.59938,0.9193065370476358,False,True
Endo,all_donors,TECTA,3,2.55158,1.02139,,False,True
Endo,all_donors,SORL1,45,0.15929,0.68865,0.854133590438534,False,True
Endo,all_donors,ST3GAL4,15,-0.22264,-0.46266,,False,True
Endo,all_donors,KIRREL3,1,-0.88498,-0.07127,0.9982206668978284,False,True
Endo,all_donors,ADAMTS8,2,0.19143,-0.33621,0.9982206668978284,False,False
Endo,all_donors,JAM3,1,0.68699,0.06216,0.9982206668978284,False,True
Endo,all_donors,B3GAT1,9,0.61107,0.44313,0.9982206668978284,False,True
Endo,all_donors,WNT5B,17,-0.18526,0.1903,0.9982206668978284,False,False
Endo,all_donors,TULP3,1,0.23104,0.57237,0.8930057710905791,False,True
Endo,all_donors,VWF,2,-0.20499,-0.18209,0.9982206668978284,False,True
Endo,all_donors,CD9,11,-0.10102,-0.43172,0.9644046166239764,False,True
Endo,all_donors,TNFRSF1A,2,-0.92389,0.1804,0.9982206668978284,False,False
Endo,all_donors,C1S,15,0.45728,1.51238,0.4638668740267856,False,True
Endo,all_donors,C1R,2,-0.55302,2.78955,0.1357492977247381,False,False
Endo,all_donors,C1RL,1,-0.6907,1.43028,0.4967788422115781,False,False
Endo,all_donors,CD163L1,1,-0.47672,-0.55601,0.9982206668978284,False,True
Endo,all_donors,CD163,1,0.51867,2.44883,0.7882440980011821,False,True
Endo,all_donors,A2M,3,-0.40059,-0.64997,0.77588496811775,False,True
Endo,all_donors,MGP,4,0.27521,1.17432,0.8536475763485317,False,True
Endo,all_donors,SPX,2,-0.23329,1.45148,,False,False
Endo,all_donors,OVCH1,1,0.30112,0.24958,,False,True
Endo,all_donors,NELL2,3,-1.07297,-0.72189,0.9664465551886166,False,True
Endo,all_donors,IGFBP6,1,-0.14647,1.47628,0.5687089014165682,False,False
Endo,all_donors,NPFF,1,-0.26327,-0.37496,,False,True
Endo,all_donors,CD63,1,0.12736,-0.01091,0.9982206668978284,False,False
Endo,all_donors,GDF11,2,-0.63933,-0.05328,0.9982206668978284,False,True
Endo,all_donors,ERBB3,3,-0.16547,0.35635,0.9982206668978284,False,False
Endo,all_donors,NXPH4,1,-0.14722,0.64304,,False,False
Endo,all_donors,PTPRR,20,1.3746,-0.33908,,False,False
Endo,all_donors,GLIPR1L1,5,-0.28684,0.77771,,False,False
Endo,all_donors,KITLG,1,0.02677,-1.77916,0.0644287439822281,True,False
Endo,all_donors,LUM,1,1.378,-0.45329,0.9965449463526324,False,False
Endo,all_donors,DCN,2,-0.04792,0.20781,0.9982206668978284,False,False
Endo,all_donors,NTN4,1,-0.34627,0.07729,0.9982206668978284,False,False
Endo,all_donors,IGF1,2,-1.61358,2.59651,,False,False
Endo,all_donors,TCTN1,1,0.046,0.01804,0.9982206668978284,False,True
Endo,all_donors,OAS1,1,0.13459,-1.27644,0.5532853643709599,False,False
Endo,all_donors,MMP17,5,0.61457,-0.85556,,False,False
Endo,all_donors,IL17D,1,0.14128,0.34862,0.9982206668978284,False,True
Endo,all_donors,FLT1,35,-0.02716,-0.41951,0.9622590648175704,False,True
Endo,all_donors,HMGB1,21,0.6297,-0.12245,0.9982206668978284,False,False
Endo,all_donors,KL,2,-0.48783,0.05644,0.9982206668978284,False,False
Endo,all_donors,NHLRC3,1,0.35086,-0.26255,0.9982206668978284,False,False
Endo,all_donors,ENOX1,2,-0.2224,0.02045,0.9982206668978284,False,False
Endo,all_donors,ITM2B,3,-0.1433,0.07272,0.9982206668978284,False,False
Endo,all_donors,THSD1,4,0.18575,-0.79449,0.6442603733787978,False,False
Endo,all_donors,PIBF1,1,0.29276,0.10237,0.9982206668978284,False,True
Endo,all_donors,CLN5,1,0.24146,0.13262,0.9982206668978284,False,True
Endo,all_donors,SLITRK1,3,-0.35728,-0.38621,,False,True
Endo,all_donors,GPC5,35,-0.19348,-0.29451,0.9764412202655528,False,True
Endo,all_donors,GPC6,89,-0.06749,0.87716,0.9241177874347504,False,False
Endo,all_donors,TNFSF13B,3,0.20705,0.02407,0.9982206668978284,False,True
Endo,all_donors,COL4A1,1,-0.01632,-1.1188,0.6402861904871696,False,True
Endo,all_donors,COL4A2,1,-0.01632,-1.73348,0.1885476770511808,False,True
Endo,all_donors,F10,3,-0.02962,-0.08765,,False,True
Endo,all_donors,GAS6,2,-0.32354,0.02254,0.9982206668978284,False,False
Endo,all_donors,RNASE4,2,-0.01727,1.46204,0.6973830629832898,False,False
Endo,all_donors,RNASE1,3,-0.29541,-0.48187,0.972510582202908,False,True
Endo,all_donors,C14orf93,1,0.40295,0.2384,,False,True
Endo,all_donors,DHRS4L2,9,-0.48681,0.06401,0.9982206668978284,False,False
Endo,all_donors,COCH,1,0.09877,-0.07966,,False,False
Endo,all_donors,FAM177A1,2,0.36107,-0.24641,0.9839002358356852,False,False
Endo,all_donors,TMX1,1,0.20242,0.6403,0.8002866961586139,False,True
Endo,all_donors,NID2,1,-0.05326,-0.45993,0.9982206668978284,False,True
Endo,all_donors,TXNDC16,1,0.15844,0.35469,0.9982206668978284,False,True
Endo,all_donors,ERO1A,1,0.10599,0.02164,0.9982206668978284,False,True
Endo,all_donors,BMP4,2,-0.60344,1.13959,,False,False
Endo,all_donors,LGALS3,1,0.73293,0.21386,0.9982206668978284,False,True
Endo,all_donors,SMOC1,3,-0.70597,0.24519,0.9982206668978284,False,False
Endo,all_donors,ENTPD5,1,-0.60798,0.11928,0.9982206668978284,False,False
Endo,all_donors,NPC2,1,-0.04482,0.72582,0.9193065370476358,False,False
Endo,all_donors,PGF,3,-0.44893,0.39571,0.9965449463526324,False,False
Endo,all_donors,TGFB3,3,-0.04457,-0.06466,,False,True
Endo,all_donors,VASH1,6,-0.28605,-0.18337,0.9982206668978284,False,True
Endo,all_donors,FLRT2,4,-0.0561,0.16369,0.9982206668978284,False,False
Endo,all_donors,FBLN5,2,-1.522,0.86585,0.8713720903889498,False,False
Endo,all_donors,SERPINA3,1,1.3169,4.33427,0.2075671061163246,False,True
Endo,all_donors,HHIPL1,2,0.04098,0.01602,0.9982206668978284,False,True
Endo,all_donors,WDR25,3,-0.10978,-0.00732,0.9982206668978284,False,True
Endo,all_donors,SCG5,2,0.53088,0.18539,0.9982206668978284,False,True
Endo,all_donors,THBS1,2,0.44736,-1.29571,0.883629907508554,False,False
Endo,all_donors,B2M,2,0.08098,0.04083,0.9982206668978284,False,True
Endo,all_donors,SORD,6,0.03523,0.86235,,False,True
Endo,all_donors,FBN1,1,0.29997,0.78347,0.9664465551886166,False,True
Endo,all_donors,GLDN,8,0.32582,0.6506,0.9965449463526324,False,True
Endo,all_donors,SCG3,1,-1.25111,-0.18787,0.9982206668978284,False,True
Endo,all_donors,ANXA2,1,-0.04093,-0.00702,0.9982206668978284,False,True
Endo,all_donors,PPIB,1,0.34597,0.69984,0.7584067766873044,False,True
Endo,all_donors,C15orf61,1,0.37509,0.38464,0.9982206668978284,False,True
Endo,all_donors,SPESP1,1,-0.08656,-0.58425,0.9843398818539808,False,True
Endo,all_donors,THSD4,62,-0.68562,-0.40102,0.8781595293626598,False,True
Endo,all_donors,ADPGK,10,-0.11338,-0.14696,0.9982206668978284,False,True
Endo,all_donors,LOXL1,3,0.24912,0.65254,,False,True
Endo,all_donors,ISLR,4,-1.14946,1.48914,,False,False
Endo,all_donors,CEMIP,1,0.02481,0.40781,0.9982206668978284,False,True
Endo,all_donors,IL16,24,-0.09508,0.90686,0.9612881208866292,False,False
Endo,all_donors,ADAMTSL3,2,-0.92289,1.23002,0.6059019594984332,False,False
Endo,all_donors,NMB,1,1.25624,0.22364,,False,True
Endo,all_donors,HAPLN3,2,-0.81199,-0.10716,0.9982206668978284,False,True
Endo,all_donors,MFGE8,2,-0.26348,-0.13086,0.9982206668978284,False,True
Endo,all_donors,NGRN,1,0.46798,0.25044,0.9982206668978284,False,True
Endo,all_donors,FURIN,5,-0.57998,0.17468,0.9982206668978284,False,False
Endo,all_donors,RGMA,5,0.7975,0.91921,0.9720172982698512,False,True
Endo,all_donors,ADAMTS17,1,0.20497,-0.25637,0.9982206668978284,False,False
Endo,all_donors,CHSY1,1,0.45886,0.07816,0.9982206668978284,False,True
Endo,all_donors,PCSK6,45,-0.60121,0.10574,0.9982206668978284,False,False
Endo,all_donors,METRN,2,-0.17007,0.81921,0.8841940440262835,False,False
Endo,all_donors,GNPTG,1,-0.0308,0.22504,0.9982206668978284,False,False
Endo,all_donors,GFER,2,0.52286,1.26074,,False,True
Endo,all_donors,PKD1,2,0.23154,-0.7344,0.8419612466882677,False,False
Endo,all_donors,MMP25,2,-0.7991,-0.03509,,False,True
Endo,all_donors,IL32,1,0.15969,-0.38986,0.9982206668978284,False,False
Endo,all_donors,DNASE1,2,-1.2156,-0.04618,0.9982206668978284,False,True
Endo,all_donors,VASN,5,0.55802,-0.08865,,False,False
Endo,all_donors,C16orf89,1,0.90245,-0.59012,0.9822071784358802,False,False
Endo,all_donors,XYLT1,1,-0.42784,0.65716,0.973587792225092,False,False
Endo,all_donors,VWA3A,8,-1.63981,1.44756,,False,False
Endo,all_donors,IL4R,12,0.24568,0.46693,0.9793307543427382,False,True
Endo,all_donors,PRSS53,1,-1.77754,0.64924,,False,False
Endo,all_donors,ITFG1,1,-0.31176,0.35455,0.854133590438534,False,False
Endo,all_donors,MMP2,13,-0.55018,0.21263,,False,False
Endo,all_donors,RSPRY1,1,-0.45963,0.001,0.9994994437312388,False,False
Endo,all_donors,CX3CL1,1,-0.4276,0.32572,0.9982206668978284,False,False
Endo,all_donors,ADGRG1,11,0.10738,0.24002,0.9982206668978284,False,True
Endo,all_donors,CKLF,2,0.40443,0.1826,0.9982206668978284,False,True
Endo,all_donors,CES4A,4,0.16362,0.17401,,False,True
Endo,all_donors,GFOD2,1,0.12096,-0.30724,0.9965449463526324,False,False
Endo,all_donors,LCAT,3,-1.4195,-0.605,,False,True
Endo,all_donors,PLA2G15,3,0.52922,-0.35267,,False,False
Endo,all_donors,ST3GAL2,11,-0.22468,-0.66178,0.8856990343640121,False,True
Endo,all_donors,IL34,14,1e-05,-0.12676,,False,False
Endo,all_donors,MBTPS1,1,-0.02962,0.01225,0.9982206668978284,False,False
Endo,all_donors,WFDC1,1,-0.34346,-0.94565,,False,True
Endo,all_donors,CRISPLD2,2,-0.2281,-0.25707,0.9982206668978284,False,True
Endo,all_donors,CYB5D2,1,-0.38488,0.44682,0.9982206668978284,False,False
Endo,all_donors,CXCL16,1,0.01404,1.08333,,False,True
Endo,all_donors,C1QBP,1,-0.07244,0.27266,0.9982206668978284,False,False
Endo,all_donors,TNFSF12,1,0.30449,0.33255,0.9843398818539808,False,True
Endo,all_donors,TNFSF13,2,0.0803,1.34561,,False,True
Endo,all_donors,NTN1,2,0.03223,-1.16365,0.7843178214242909,False,False
Endo,all_donors,MTRNR2L1,2,0.1618,0.16409,0.9982206668978284,False,True
Endo,all_donors,LGALS9,3,0.37482,0.01687,0.9982206668978284,False,True
Endo,all_donors,SDF2,1,-0.53297,-0.11546,0.9982206668978284,False,True
Endo,all_donors,TMEM98,1,0.6253,0.23531,0.9982206668978284,False,True
Endo,all_donors,CCL2,1,0.63566,0.05496,0.9982206668978284,False,True
Endo,all_donors,MMP28,2,-1.2479,-1.66726,0.0758939693615313,True,True
Endo,all_donors,CCL5,2,1.08263,3.81707,0.3801729588371776,False,True
Endo,all_donors,CCL4,2,0.06279,0.69798,0.9982206668978284,False,True
Endo,all_donors,DHRS11,1,0.10546,0.58949,,False,True
Endo,all_donors,PLXDC1,2,0.16882,0.16998,0.9982206668978284,False,True
Endo,all_donors,IGFBP4,1,0.3239,1.12048,0.8424033724806006,False,True
Endo,all_donors,IFI35,1,1.23275,-0.26917,0.9982206668978284,False,False
Endo,all_donors,GRN,3,-0.2751,0.29505,0.9982206668978284,False,False
Endo,all_donors,MAPT,19,0.3791,0.21968,0.9982206668978284,False,True
Endo,all_donors,XYLT2,1,0.02797,-0.05805,,False,False
Endo,all_donors,SPATA20,1,-0.4762,1.15508,,False,False
Endo,all_donors,CA10,3,-1.0059,-1.91487,0.5983625159818315,False,True
Endo,all_donors,C17orf67,1,0.68571,0.3067,0.9982206668978284,False,True
Endo,all_donors,SCPEP1,1,0.10458,0.23404,0.9982206668978284,False,True
Endo,all_donors,RNF43,3,-0.23103,-1.10705,,False,True
Endo,all_donors,ACE,2,-0.1703,-2.19216,,False,True
Endo,all_donors,FAM20A,13,-0.08393,-0.16884,0.9982206668978284,False,True
Endo,all_donors,TIMP2,18,-0.42855,0.18432,0.9982206668978284,False,False
Endo,all_donors,LGALS3BP,1,-0.28146,-0.28332,0.9982206668978284,False,True
Endo,all_donors,CANT1,5,-0.4794,-0.76822,0.9241177874347504,False,True
Endo,all_donors,C1QTNF1,10,-0.03115,-0.24171,0.9982206668978284,False,True
Endo,all_donors,NPTX1,3,-0.50612,-0.79012,0.9820809407837704,False,True
Endo,all_donors,P4HB,1,0.6425,0.2023,0.9982206668978284,False,True
Endo,all_donors,METRNL,1,0.12495,-0.53398,,False,False
Endo,all_donors,EMILIN2,3,-0.94155,1.44383,0.5450842284727107,False,False
Endo,all_donors,LAMA1,25,-0.50046,-0.72733,0.9843398818539808,False,True
Endo,all_donors,TWSG1,1,0.05274,-0.05817,0.9982206668978284,False,False
Endo,all_donors,LAMA3,29,0.33834,-0.33425,0.9972271910282328,False,False
Endo,all_donors,CHST9,8,-0.34356,-0.04185,0.9982206668978284,False,True
Endo,all_donors,TTR,8,0.5256,1.33935,0.9664465551886166,False,True
Endo,all_donors,GALNT1,1,1.4239,0.40857,0.9241177874347504,False,True
Endo,all_donors,C18orf54,1,-0.42552,0.22947,0.9982206668978284,False,False
Endo,all_donors,TCF4,89,-0.13679,-0.27448,0.9720172982698512,False,True
Endo,all_donors,GRP,3,-1.00798,-2.06077,0.4476178055915069,False,True
Endo,all_donors,CCBE1,36,0.10491,-1.61944,0.6946615885335271,False,False
Endo,all_donors,CBLN2,17,-0.8328,-1.9459,,False,True
Endo,all_donors,NETO1,2,0.56941,-0.27244,0.9982206668978284,False,False
Endo,all_donors,CNDP1,1,0.9207,-0.46982,0.9982206668978284,False,False
Endo,all_donors,FSTL3,3,0.33437,0.99812,0.9798253995498232,False,True
Endo,all_donors,IZUMO4,1,-0.0432,1.42983,,False,False
Endo,all_donors,AMH,1,0.95722,-0.5558,,False,False
Endo,all_donors,MYDGF,2,0.05743,0.47792,0.9764412202655528,False,True
Endo,all_donors,HSD11B1L,1,-0.09034,0.36035,,False,False
Endo,all_donors,C3,2,0.06625,0.72729,0.9965449463526324,False,True
Endo,all_donors,ANGPTL4,2,0.23659,0.2689,0.9982206668978284,False,True
Endo,all_donors,ADAMTS10,4,-0.24675,0.02195,0.9982206668978284,False,False
Endo,all_donors,OLFM2,19,0.14617,-0.1146,0.9982206668978284,False,False
Endo,all_donors,COL5A3,2,0.12079,-0.0555,0.9982206668978284,False,False
Endo,all_donors,EPOR,2,-1.02805,0.96354,0.9393028807017562,False,False
Endo,all_donors,MAN2B1,2,0.5484,1.43341,,False,True
Endo,all_donors,CALR,1,0.46965,0.43053,0.97879631410106,False,True
Endo,all_donors,SAMD1,1,0.12917,1.01964,0.6890291006975223,False,True
Endo,all_donors,ADGRE5,1,0.0916,0.0,0.9999991370356862,False,True
Endo,all_donors,CPAMD8,2,-0.43218,-0.02672,0.9982206668978284,False,True
Endo,all_donors,IFI30,1,0.08676,0.73444,,False,True
Endo,all_donors,NCAN,3,0.76776,-0.05911,0.9982206668978284,False,False
Endo,all_donors,GPI,1,-0.01668,0.37587,0.9474539751380004,False,False
Endo,all_donors,SCGB2B2,13,0.27788,0.33792,0.9982206668978284,False,True
Endo,all_donors,SCN1B,2,0.74434,0.10216,,False,True
Endo,all_donors,LGI4,1,1.31434,1.32,0.696093451220098,False,True
Endo,all_donors,HSPB6,1,0.03632,2.46549,,False,True
Endo,all_donors,CATSPERG,1,0.15815,0.52669,,False,True
Endo,all_donors,LTBP4,7,-0.17757,1.40757,,False,False
Endo,all_donors,TGFB1,2,0.69098,0.44975,0.9707266122522284,False,True
Endo,all_donors,CEACAM1,1,-0.1033,0.8397,,False,False
Endo,all_donors,PLAUR,2,0.14838,-0.8667,0.9474539751380004,False,False
Endo,all_donors,PVR,1,0.25633,-1.14714,0.7586461796165564,False,False
Endo,all_donors,APOE,3,0.7009,0.63242,0.9664465551886166,False,True
Endo,all_donors,APOC1,2,-0.51858,1.42339,,False,False
Endo,all_donors,APOC2,4,-0.07524,0.95426,,False,False
Endo,all_donors,FKRP,2,0.78617,-0.20555,0.9982206668978284,False,False
Endo,all_donors,CA11,1,-0.05308,-0.09679,0.9982206668978284,False,True
Endo,all_donors,NUCB1,1,-0.22592,0.11938,0.9982206668978284,False,False
Endo,all_donors,FLT3LG,2,-0.65096,0.48735,,False,False
Endo,all_donors,ADM5,1,-0.0262,2.0233,,False,False
Endo,all_donors,EMC10,2,0.05999,0.68903,0.8989977740777834,False,True
Endo,all_donors,CLEC11A,2,0.01853,-0.58044,0.9660854956068782,False,False
Endo,all_donors,KLK6,1,1.34609,1.32169,,False,True
Endo,all_donors,SSC5D,4,0.57197,-0.37713,,False,False
Endo,all_donors,EDDM13,2,2.26736,-0.62732,,False,False
Endo,all_donors,A1BG,1,-1.4635,0.34034,0.9982206668978284,False,False
Endo,all_donors,RSPO4,2,-1.601,0.05741,,False,False
Endo,all_donors,ATRN,1,-0.79409,0.0442,0.9982206668978284,False,False
Endo,all_donors,C20orf27,2,-0.22432,0.71079,0.9241177874347504,False,False
Endo,all_donors,CHGB,2,0.0321,-0.12244,0.9982206668978284,False,False
Endo,all_donors,BMP2,3,1.25114,0.81034,,False,True
Endo,all_donors,ISM1,1,0.07288,-1.07826,0.7601034538651998,False,False
Endo,all_donors,PCSK2,2,0.83498,-1.05012,0.9241177874347504,False,False
Endo,all_donors,CST3,2,0.17114,0.64315,0.9474539751380004,False,True
Endo,all_donors,ENTPD6,1,-0.09809,0.2905,0.9982206668978284,False,False
Endo,all_donors,MMP24,1,0.7506,-0.12605,0.9982206668978284,False,False
Endo,all_donors,SOGA1,2,0.30805,-0.40677,0.9457081996201834,False,False
Endo,all_donors,VSTM2L,2,-0.06582,0.43548,,False,False
Endo,all_donors,TGM2,1,0.57018,0.54201,0.9664465551886166,False,True
Endo,all_donors,SDC4,1,0.12998,1.91996,0.5254481021033247,False,True
Endo,all_donors,PLTP,1,0.53611,1.17623,0.501572521754141,False,True
Endo,all_donors,CD40,1,0.0243,0.57101,0.966723196157347,False,True
Endo,all_donors,SULF2,1,0.1767,0.20047,0.9982206668978284,False,True
Endo,all_donors,BMP7,1,-0.13532,1.33011,0.8238871094722428,False,False
Endo,all_donors,GNAS,21,0.17928,-0.41917,0.9474539751380004,False,False
Endo,all_donors,EDN3,2,-1.11352,-1.79889,0.0820844329518702,True,True
Endo,all_donors,LAMA5,1,0.08705,0.02076,0.9982206668978284,False,True
Endo,all_donors,TNFRSF6B,2,0.39968,2.16643,0.774657205709582,False,True
Endo,all_donors,CXADR,1,-0.80827,0.51054,0.9982206668978284,False,False
Endo,all_donors,APP,8,0.66993,-0.61869,0.0811204126578108,True,False
Endo,all_donors,ADAMTS1,2,0.50328,0.391,0.9982206668978284,False,True
Endo,all_donors,IFNAR2,1,0.37869,-0.12588,0.9982206668978284,False,False
Endo,all_donors,DSCAM,91,-0.2175,-1.86282,0.6925298141940069,False,True
Endo,all_donors,COL18A1,14,0.19438,-0.18639,0.9982206668978284,False,False
Endo,all_donors,COL6A1,1,-0.07577,-0.34638,0.9536280109259396,False,True
Endo,all_donors,COL6A2,3,0.51821,-0.29087,0.9982206668978284,False,False
Endo,all_donors,S100B,2,-0.40856,0.99668,0.8421225114916382,False,False
Endo,all_donors,IL17RA,1,0.13943,0.13505,0.9982206668978284,False,True
Endo,all_donors,ADA2,5,-1.2599,2.05752,0.3726275005934116,False,False
Endo,all_donors,C22orf39,1,0.72079,-0.03339,0.9982206668978284,False,False
Endo,all_donors,MIF,1,0.06284,-0.25284,0.9982206668978284,False,False
Endo,all_donors,EMID1,1,0.61355,-0.6755,0.9982206668978284,False,False
Endo,all_donors,TCN2,3,-0.55252,-0.28435,0.9982206668978284,False,True
Endo,all_donors,TIMP3,3,-0.07032,0.2408,0.9982206668978284,False,False
Endo,all_donors,APOL1,2,-0.21898,-0.21715,0.9982206668978284,False,True
Endo,all_donors,C1QTNF6,2,0.49871,-0.00214,,False,False
Endo,all_donors,LGALS1,1,-0.17364,0.01411,0.9982206668978284,False,False
Endo,all_donors,PDGFB,4,-0.12045,-0.66486,0.9193065370476358,False,True
Endo,all_donors,CHADL,2,-0.00017,-0.978,,False,True
Endo,all_donors,FBLN1,3,-0.02532,1.23837,0.5990941091169198,False,False
Endo,all_donors,TAFA5,61,0.00844,0.16114,0.9982206668978284,False,True
Endo,all_donors,DHRSX,2,-0.87505,-0.59614,0.7584372870273587,False,True
Endo,all_donors,MXRA5,2,0.65432,-0.77171,,False,False
Endo,all_donors,ANOS1,1,1.12795,0.14734,0.9982206668978284,False,True
Endo,all_donors,VEGFD,2,-1.19706,0.6139,,False,False
Endo,all_donors,APOO,1,0.35019,1.03577,0.7897417476611661,False,True
Endo,all_donors,SRPX,1,2.19865,0.33034,0.9982206668978284,False,True
Endo,all_donors,DIPK2B,1,0.35627,0.05848,0.9982206668978284,False,True
Endo,all_donors,TIMP1,1,0.19198,1.09628,0.9653595334223182,False,True
Endo,all_donors,PCSK1N,2,-1.25355,0.76217,0.9664465551886166,False,False
Endo,all_donors,EDA,5,-0.39904,1.81097,0.2621357795352741,False,False
Endo,all_donors,PDZD11,1,0.11254,-0.07591,,False,False
Endo,all_donors,SRPX2,2,-0.46645,-0.23549,0.9982206668978284,False,True
Endo,all_donors,COL4A5,9,0.60954,0.45166,0.9982206668978284,False,True
Endo,all_donors,CHRDL1,1,0.40676,-0.33974,,False,False
Endo,all_donors,PGRMC1,1,0.03844,0.06864,0.9982206668978284,False,True
Endo,all_donors,APLN,2,0.77254,-0.26437,0.9982206668978284,False,False
Endo,all_donors,ENOX2,38,-0.02506,0.71218,0.5254481021033247,False,False
Endo,all_donors,GPC4,2,0.53869,0.98919,0.772186845431276,False,True
Endo,all_donors,FGF13,15,-0.92213,-0.63399,0.96998365105482,False,True
Endo,all_donors,CD99L2,1,-0.19511,0.15932,0.9982206668978284,False,False
Endo,all_donors,BGN,1,0.47154,0.38169,0.9843398818539808,False,True
Endo,all_donors,FAM3A,1,-0.71246,0.81892,0.8841940440262835,False,False
Endo,all_donors,F8,3,0.62619,1.57449,0.5059883000415635,False,True
Endo,min10_cells,ISG15,5,0.25499,-1.57322,0.3821141413938128,False,False
Endo,min10_cells,AGRN,1,-0.0979,-0.5125,0.9300367791998948,False,True
Endo,min10_cells,VWA1,3,-0.3027,-0.06309,0.9982206668978284,False,True
Endo,min10_cells,MEGF6,25,-0.49082,-0.71721,0.939173630558492,False,True
Endo,min10_cells,TNFRSF25,1,0.49939,-0.70336,0.9622590648175704,False,False
Endo,min10_cells,TNFRSF1B,2,0.30544,0.11199,0.9982206668978284,False,True
Endo,min10_cells,NBL1,14,-0.436,-0.17589,0.9982206668978284,False,True
Endo,min10_cells,HSPG2,2,-0.49351,0.16385,0.9982206668978284,False,False
Endo,min10_cells,C1QA,2,-0.77375,1.31394,0.7926344548366875,False,False
Endo,min10_cells,C1QC,3,0.28228,2.48267,0.3139988023105164,False,True
Endo,min10_cells,C1QB,3,0.65179,2.29621,0.3801729588371776,False,True
Endo,min10_cells,TINAGL1,2,-0.48334,-0.1436,0.9982206668978284,False,True
Endo,min10_cells,COL16A1,3,0.48105,0.39289,,False,True
Endo,min10_cells,ADGRB2,5,0.6152,-0.12579,,False,False
Endo,min10_cells,CSF3R,1,-1.34343,1.17211,,False,False
Endo,min10_cells,BMP8A,3,0.31116,-1.86989,,False,False
Endo,min10_cells,PPT1,6,0.51226,-0.10791,0.9982206668978284,False,False
Endo,min10_cells,YBX1,1,-0.42239,-0.39081,0.9640577932247956,False,True
Endo,min10_cells,P3H1,1,-0.20927,-0.05663,0.9982206668978284,False,True
Endo,min10_cells,SVBP,1,-0.16377,0.18337,0.9982206668978284,False,False
Endo,min10_cells,ST3GAL3,7,-0.00135,0.31866,0.9640577932247956,False,False
Endo,min10_cells,SPATA6,1,-0.40798,0.11348,0.9982206668978284,False,False
Endo,min10_cells,GPX7,1,-0.13878,-0.03556,,False,True
Endo,min10_cells,PODN,1,0.54846,0.85558,0.7960434780373615,False,True
Endo,min10_cells,LRP8,1,-0.16687,-0.47991,0.9664465551886166,False,True
Endo,min10_cells,LEPR,20,-0.28171,0.31524,0.9921788962684654,False,False
Endo,min10_cells,CCN1,2,-0.49923,-0.61311,0.973587792225092,False,True
Endo,min10_cells,COL24A1,1,-0.39487,0.05636,0.9982206668978284,False,False
Endo,min10_cells,CLCA4,1,0.31296,1.5459,,False,True
Endo,min10_cells,GBP1,1,-0.30854,-0.43999,0.9822071784358802,False,True
Endo,min10_cells,TGFBR3,9,0.09292,0.75984,0.4932855964517463,False,True
Endo,min10_cells,F3,2,-0.07449,-0.39934,0.9982206668978284,False,True
Endo,min10_cells,VCAM1,2,0.68679,2.20487,0.3081381978957248,False,True
Endo,min10_cells,EXTL2,1,-0.71176,-0.22253,0.9982206668978284,False,True
Endo,min10_cells,OLFM3,25,0.3275,0.03068,,False,True
Endo,min10_cells,COL11A1,1,0.36686,-1.00116,0.9664465551886166,False,False
Endo,min10_cells,AMY2B,3,-0.27371,1.06385,0.8371241350555532,False,False
Endo,min10_cells,CSF1,2,-0.00948,1.08543,0.6229059340624769,False,False
Endo,min10_cells,WNT2B,3,-0.32719,-0.3406,0.9982206668978284,False,True
Endo,min10_cells,OLFML3,2,0.21974,0.5717,0.9965449463526324,False,True
Endo,min10_cells,NGF,1,-0.14819,0.88109,,False,False
Endo,min10_cells,NOTCH2NLA,1,0.9961,-0.46207,,False,False
Endo,min10_cells,NOTCH2NLC,1,0.32961,0.54982,0.9982206668978284,False,True
Endo,min10_cells,C1orf54,3,0.17428,-1.12042,0.248565402597253,False,False
Endo,min10_cells,ECM1,3,-0.29111,-0.76591,0.8145994343935765,False,True
Endo,min10_cells,CTSS,2,-0.47977,0.5172,0.9822071784358802,False,False
Endo,min10_cells,C1orf56,2,-0.35455,0.72527,,False,False
Endo,min10_cells,S100A13,2,0.0195,-0.22712,0.9982206668978284,False,False
Endo,min10_cells,IL6R,3,0.51926,0.43219,0.9820809407837704,False,True
Endo,min10_cells,EFNA1,2,0.17592,-0.00682,0.9982206668978284,False,False
Endo,min10_cells,THBS3,1,0.36379,0.94538,,False,True
Endo,min10_cells,NAXE,2,0.11091,0.43607,0.9982206668978284,False,True
Endo,min10_cells,HAPLN2,1,-0.83735,-0.02938,0.9982206668978284,False,True
Endo,min10_cells,BCAN,2,-0.30699,0.01273,0.9982206668978284,False,False
Endo,min10_cells,HDGF,1,0.29212,-0.07303,0.9982206668978284,False,False
Endo,min10_cells,COPA,1,-1.37278,-0.36535,0.9653595334223182,False,True
Endo,min10_cells,CD48,2,1.56981,1.47454,,False,True
Endo,min10_cells,ADAMTS4,4,0.23807,-0.32502,0.9982206668978284,False,False
Endo,min10_cells,FCGR3A,1,-0.84074,2.06452,,False,False
Endo,min10_cells,OLFML2B,14,0.58244,0.60759,,False,True
Endo,min10_cells,CREG1,1,0.18142,0.06668,0.9982206668978284,False,True
Endo,min10_cells,TNR,3,-1.21888,-1.05521,0.9448554224173982,False,True
Endo,min10_cells,BRINP2,1,-0.64136,0.38858,,False,False
Endo,min10_cells,ANGPTL1,1,0.28817,-0.30407,,False,False
Endo,min10_cells,QSOX1,2,0.14485,0.01718,0.9982206668978284,False,True
Endo,min10_cells,MR1,1,-0.41028,0.87088,,False,False
Endo,min10_cells,LAMC1,1,-0.6352,-0.50372,0.9122310664096188,False,True
Endo,min10_cells,HMCN1,1,0.08785,-0.1968,0.9982206668978284,False,False
Endo,min10_cells,BRINP3,3,-0.08979,-1.29582,0.8421225114916382,False,True
Endo,min10_cells,CFH,2,-0.92715,0.85302,0.538952255578614,False,False
Endo,min10_cells,CRB1,31,-0.64019,0.83362,0.9697148352303548,False,False
Endo,min10_cells,RNPEP,1,-0.28616,0.54028,0.9679949449169856,False,False
Endo,min10_cells,PRELP,3,-0.03395,0.29645,0.995454549732458,False,False
Endo,min10_cells,CNTN2,2,-0.43891,1.5677,0.8136504536356737,False,False
Endo,min10_cells,FCMR,2,-0.30431,1.10004,,False,False
Endo,min10_cells,CD55,1,0.78589,-0.82776,0.8526294686121002,False,False
Endo,min10_cells,NENF,1,-0.13223,0.12932,0.9982206668978284,False,False
Endo,min10_cells,TGFB2,3,0.18372,-0.05649,0.9982206668978284,False,False
Endo,min10_cells,SUSD4,1,-0.01271,-1.28552,0.6399146565933941,False,True
Endo,min10_cells,GALNT2,1,-0.05327,-0.26763,0.9982206668978284,False,True
Endo,min10_cells,AGT,1,-0.27288,0.71337,0.8426847535817811,False,False
Endo,min10_cells,NID1,2,0.32746,-0.07095,0.9982206668978284,False,False
Endo,min10_cells,GREM2,1,0.42813,-0.43348,0.9982206668978284,False,False
Endo,min10_cells,NLRP3,2,-1.09822,-0.34338,,False,True
Endo,min10_cells,PXDN,1,-0.00144,-0.00091,0.9999991370356862,False,True
Endo,min10_cells,COLEC11,5,0.2965,1.12934,,False,True
Endo,min10_cells,MATN3,3,-1.27477,0.46062,0.9921788962684654,False,False
Endo,min10_cells,POMC,1,-0.07839,-0.83965,,False,True
Endo,min10_cells,EMILIN1,1,-0.19985,0.24372,0.9982206668978284,False,False
Endo,min10_cells,CGREF1,2,-0.82933,-0.80315,,False,True
Endo,min10_cells,FNDC4,1,0.85982,1.01037,,False,True
Endo,min10_cells,LTBP1,27,0.27097,0.1036,0.9982206668978284,False,True
Endo,min10_cells,CRIM1,2,0.0844,0.3643,0.9921788962684654,False,True
Endo,min10_cells,QPCT,2,0.06303,-0.16204,0.9982206668978284,False,False
Endo,min10_cells,PKDCC,2,0.46334,-0.35698,,False,False
Endo,min10_cells,EFEMP1,1,-1.19441,2.82171,0.0677950563424653,True,False
Endo,min10_cells,TGFA,2,0.45642,-0.07874,0.9982206668978284,False,False
Endo,min10_cells,PRADC1,1,-0.14036,0.16351,0.9982206668978284,False,False
Endo,min10_cells,LOXL3,1,0.49356,-0.07883,0.9982206668978284,False,False
Endo,min10_cells,GNLY,1,0.79339,1.8664,0.502587127115771,False,True
Endo,min10_cells,THNSL2,2,0.14561,1.3468,,False,True
Endo,min10_cells,MGAT4A,11,0.43404,-0.11711,0.9982206668978284,False,False
Endo,min10_cells,CREG2,2,-0.40303,0.23707,0.9982206668978284,False,False
Endo,min10_cells,IL1R1,9,0.01238,-0.13321,0.9982206668978284,False,False
Endo,min10_cells,IL1RL1,3,1.3124,0.25042,0.9982206668978284,False,True
Endo,min10_cells,ECRG4,1,-0.00702,-0.25547,,False,True
Endo,min10_cells,MGAT5,36,-0.10626,-0.23247,0.9798253995498232,False,True
Endo,min10_cells,LYPD6,3,0.39305,-0.41149,,False,False
Endo,min10_cells,NMI,1,0.2172,0.40166,0.9982206668978284,False,True
Endo,min10_cells,TNFAIP6,2,-0.45105,-0.2588,,False,True
Endo,min10_cells,PLA2R1,3,-0.20112,0.20003,0.9982206668978284,False,False
Endo,min10_cells,FAP,3,-0.34305,1.38132,,False,False
Endo,min10_cells,FRZB,2,0.50492,-0.41179,0.970256172641409,False,False
Endo,min10_cells,TFPI,3,0.56177,-0.73603,0.7590604987202001,False,False
Endo,min10_cells,COL3A1,1,-0.04221,0.73199,0.9921788962684654,False,False
Endo,min10_cells,COL5A2,1,-0.64084,-0.09327,0.9982206668978284,False,True
Endo,min10_cells,TMEFF2,3,0.67579,0.15974,0.9982206668978284,False,True
Endo,min10_cells,NRP2,2,-0.13816,-0.5677,0.696093451220098,False,True
Endo,min10_cells,ADAM23,1,0.61921,-0.34156,0.9982206668978284,False,False
Endo,min10_cells,VWC2L,1,0.36918,-0.09993,,False,False
Endo,min10_cells,FN1,1,0.29983,-0.69635,0.3863446478988748,False,False
Endo,min10_cells,IGFBP2,4,-0.77616,0.33542,0.9982206668978284,False,False
Endo,min10_cells,IGFBP5,2,-1.13645,1.95065,0.3242000776507541,False,False
Endo,min10_cells,WNT6,2,0.2238,1.8199,,False,True
Endo,min10_cells,ABCB6,1,0.13371,1.3043,,False,True
Endo,min10_cells,GLB1L,2,0.15695,-0.62713,,False,False
Endo,min10_cells,SCG2,2,-0.93711,-0.04379,0.9982206668978284,False,True
Endo,min10_cells,SERPINE2,3,0.61498,0.6557,0.985457448971372,False,True
Endo,min10_cells,COL4A4,1,-1.07824,-0.38171,0.9489212174731468,False,True
Endo,min10_cells,COL4A3,1,-1.07824,-0.41374,0.9241177874347504,False,True
Endo,min10_cells,SNORC,2,0.35154,0.28006,0.9982206668978284,False,True
Endo,min10_cells,COL6A3,6,-0.64173,-0.46976,0.9982206668978284,False,True
Endo,min10_cells,GPC1,6,-0.23288,0.11794,0.9982206668978284,False,False
Endo,min10_cells,SNED1,12,-0.21918,-0.18331,0.9982206668978284,False,True
Endo,min10_cells,CHL1,31,0.20508,-0.30874,0.9982206668978284,False,False
Endo,min10_cells,CNTN4,69,-0.5502,0.50808,0.9023111757388612,False,False
Endo,min10_cells,TIMP4,1,-0.29121,2.14116,,False,False
Endo,min10_cells,FBLN2,6,-0.11139,-0.49652,0.9822071784358802,False,True
Endo,min10_cells,COLQ,7,-0.96078,0.71325,0.9921788962684654,False,False
Endo,min10_cells,BTD,8,0.0154,0.49924,0.9476491767436772,False,True
Endo,min10_cells,TGFBR2,2,-0.13543,-0.003,0.9982206668978284,False,True
Endo,min10_cells,CRTAP,1,0.3686,0.26633,0.9982206668978284,False,True
Endo,min10_cells,PDCD6IP,1,1.03592,-0.00257,0.9982206668978284,False,False
Endo,min10_cells,CCK,4,-0.18744,-0.25747,0.9982206668978284,False,True
Endo,min10_cells,GASK1A,2,1.30762,0.84461,0.9764412202655528,False,True
Endo,min10_cells,CLEC3B,3,0.25344,-1.26847,0.5905268858632272,False,False
Endo,min10_cells,LTF,2,-0.04645,0.34168,,False,False
Endo,min10_cells,TDGF1,3,-0.70779,-2.44743,,False,True
Endo,min10_cells,CSPG5,1,0.1855,-0.42364,0.9982206668978284,False,False
Endo,min10_cells,SPINK8,1,-1.15878,0.07135,0.9982206668978284,False,False
Endo,min10_cells,PLXNB1,4,0.25409,1.6185,0.4753902478672392,False,True
Endo,min10_cells,LAMB2,1,-0.1281,-0.12552,0.9982206668978284,False,True
Endo,min10_cells,DAG1,1,0.38471,-0.32215,0.9843398818539808,False,False
Endo,min10_cells,SEMA3F,3,-0.73471,0.45821,0.995454549732458,False,False
Endo,min10_cells,SEMA3B,3,-0.32056,-0.65273,0.9122310664096188,False,True
Endo,min10_cells,HYAL1,2,-0.52958,-0.05007,0.9982206668978284,False,True
Endo,min10_cells,MANF,1,-0.09533,0.88756,0.8402510423789395,False,False
Endo,min10_cells,SEMA3G,2,-0.11217,-0.69281,0.8424033724806006,False,True
Endo,min10_cells,ITIH4,1,0.1379,0.13028,,False,True
Endo,min10_cells,MUSTN1,2,-0.30917,-0.8748,0.77741700226153,False,True
Endo,min10_cells,IL17RB,2,-0.32516,-0.6052,,False,True
Endo,min10_cells,ADAMTS9,2,0.05632,-0.51334,0.9982206668978284,False,False
Endo,min10_cells,TAFA1,53,-0.52796,-1.06996,0.745529608208603,False,True
Endo,min10_cells,TAFA4,1,0.55174,-0.38659,,False,False
Endo,min10_cells,EPHA3,1,-0.13026,-0.02489,0.9982206668978284,False,True
Endo,min10_cells,PROS1,2,-0.11634,0.32324,0.9982206668978284,False,False
Endo,min10_cells,COL8A1,1,-0.29678,3.36435,0.5532853643709599,False,False
Endo,min10_cells,ABI3BP,1,0.42413,1.56143,0.7537234561592424,False,True
Endo,min10_cells,NXPE3,4,-0.4036,-0.01958,0.9982206668978284,False,True
Endo,min10_cells,ALCAM,33,-0.08025,0.85256,0.7052542635371878,False,False
Endo,min10_cells,CCDC80,2,-1.06563,0.42231,0.9982206668978284,False,False
Endo,min10_cells,B4GALT4,3,0.26461,0.05534,0.9982206668978284,False,True
Endo,min10_cells,PLA1A,2,-0.83254,1.82332,0.460889953069042,False,False
Endo,min10_cells,FSTL1,1,-0.093,-0.18297,0.9982206668978284,False,True
Endo,min10_cells,HEG1,1,-0.20674,-0.71532,0.2735055634250105,False,True
Endo,min10_cells,TF,4,-1.237,0.003,0.9993532299724712,False,False
Endo,min10_cells,PCOLCE2,1,-0.799,-0.81488,,False,True
Endo,min10_cells,DIPK2A,1,-0.177,0.23681,0.9982206668978284,False,False
Endo,min10_cells,CP,2,0.69601,1.44061,0.7379406814611401,False,True
Endo,min10_cells,IGSF10,2,-0.25706,0.22075,,False,False
Endo,min10_cells,C3orf33,1,-0.32922,-0.22522,0.9982206668978284,False,True
Endo,min10_cells,RARRES1,2,0.19362,0.48956,,False,True
Endo,min10_cells,BCHE,2,0.61687,-0.69188,,False,False
Endo,min10_cells,SERPINI1,1,-0.27106,-0.59753,0.9474539751380004,False,True
Endo,min10_cells,TNFSF10,1,-0.80209,-0.58225,0.9915724805311884,False,True
Endo,min10_cells,ST6GAL1,29,-0.19536,-0.3815,0.9965449463526324,False,True
Endo,min10_cells,MASP1,2,0.76548,2.15083,0.7576241344627852,False,True
Endo,min10_cells,IL1RAP,12,-0.25286,-0.27148,0.9982206668978284,False,True
Endo,min10_cells,APOD,3,-0.20425,3.2495,0.0011669395953438,True,False
Endo,min10_cells,MUC20,3,1.61813,0.79761,,False,True
Endo,min10_cells,TFRC,1,0.32539,-0.23983,0.9982206668978284,False,False
Endo,min10_cells,FBXO45,1,0.18601,-0.39688,0.9965449463526324,False,False
Endo,min10_cells,FGFR3,2,0.07905,-0.24143,0.9982206668978284,False,False
Endo,min10_cells,C4orf48,1,0.275,0.48057,0.9954390173169492,False,True
Endo,min10_cells,MAN2B2,1,0.46669,0.14471,0.9982206668978284,False,True
Endo,min10_cells,C1QTNF7,20,0.72411,0.20104,0.9982206668978284,False,True
Endo,min10_cells,SLIT2,2,0.00405,-0.2561,0.9982206668978284,False,False
Endo,min10_cells,SOD3,1,0.29846,2.27927,0.3407671925949733,False,True
Endo,min10_cells,LGI2,2,-0.45761,2.21868,,False,False
Endo,min10_cells,SMIM20,1,-0.41809,-0.22148,,False,True
Endo,min10_cells,CORIN,10,0.39277,1.62521,,False,True
Endo,min10_cells,ERVMER34-1,1,-1.87631,0.14704,,False,False
Endo,min10_cells,KDR,2,-0.14988,-1.36106,0.0194840384537841,True,True
Endo,min10_cells,IGFBP7,1,-0.1175,-0.01086,0.9982206668978284,False,True
Endo,min10_cells,CXCL8,1,-1.08421,0.0135,0.9982206668978284,False,False
Endo,min10_cells,CXCL1,1,0.09123,1.32856,0.8856990343640121,False,True
Endo,min10_cells,CXCL2,2,0.05644,1.90346,0.9640577932247956,False,True
Endo,min10_cells,ANTXR2,1,0.09852,0.60604,0.8674542621843644,False,True
Endo,min10_cells,SPARCL1,3,-0.13108,-0.14421,0.9982206668978284,False,True
Endo,min10_cells,SPP1,4,0.06959,0.41975,0.9982206668978284,False,True
Endo,min10_cells,PKD2,8,-0.3085,0.06391,0.9982206668978284,False,False
Endo,min10_cells,SNCA,1,-0.46949,1.26453,0.460889953069042,False,False
Endo,min10_cells,NPNT,1,0.5634,-0.48645,0.9982206668978284,False,False
Endo,min10_cells,AIMP1,1,-0.4647,0.26471,0.9982206668978284,False,False
Endo,min10_cells,DKK2,21,0.94571,4.44937,0.0752509106177958,True,True
Endo,min10_cells,COL25A1,30,0.02218,-0.31608,0.9982206668978284,False,False
Endo,min10_cells,PLA2G12A,1,1.03187,0.56721,0.9622590648175704,False,True
Endo,min10_cells,CFI,3,-0.7377,1.07975,0.4846553334117614,False,False
Endo,min10_cells,ARSJ,1,-0.00966,0.7272,,False,False
Endo,min10_cells,PRSS12,1,-0.11773,-1.71999,0.5254481021033247,False,True
Endo,min10_cells,FGF2,1,0.71719,0.04677,0.9982206668978284,False,True
Endo,min10_cells,ABHD18,1,-0.25786,0.40502,0.9193065370476358,False,False
Endo,min10_cells,PGRMC2,2,-0.15052,0.03257,0.9982206668978284,False,False
Endo,min10_cells,IL15,9,0.08946,0.51538,0.9664465551886166,False,True
Endo,min10_cells,HHIP,2,0.19502,0.777,0.9664465551886166,False,True
Endo,min10_cells,PRSS48,1,0.61478,-0.01783,,False,False
Endo,min10_cells,SFRP2,3,0.33819,0.65397,,False,True
Endo,min10_cells,PDGFC,2,0.08396,0.73354,0.8138976489412638,False,True
Endo,min10_cells,FSTL5,1,2.108,-0.1023,0.9982206668978284,False,False
Endo,min10_cells,CPE,1,-0.24938,-0.07384,0.9982206668978284,False,True
Endo,min10_cells,TLL1,1,0.62166,0.95751,0.8930057710905791,False,True
Endo,min10_cells,SPOCK3,24,-0.00327,0.09935,0.9982206668978284,False,False
Endo,min10_cells,HMGB2,1,-0.27599,-0.09876,0.9982206668978284,False,True
Endo,min10_cells,SCRG1,1,0.58055,-0.5157,0.9982206668978284,False,False
Endo,min10_cells,VEGFC,1,-0.35473,0.03922,0.9982206668978284,False,False
Endo,min10_cells,SNX25,3,0.16326,0.49068,0.9622590648175704,False,True
Endo,min10_cells,KLKB1,1,-0.21546,0.97326,0.9798253995498232,False,False
Endo,min10_cells,EXOC3-AS1,2,-1.26519,0.36121,,False,False
Endo,min10_cells,ADAMTS16,2,0.28128,-0.63911,,False,False
Endo,min10_cells,NSUN2,1,0.38091,-0.33931,0.9822071784358802,False,False
Endo,min10_cells,PDZD2,1,-0.10999,0.04987,0.9982206668978284,False,False
Endo,min10_cells,ADAMTS12,2,1.74207,-0.04515,,False,False
Endo,min10_cells,C1QTNF3,2,-0.19621,0.8162,,False,False
Endo,min10_cells,PRLR,28,-0.8174,1.53622,,False,False
Endo,min10_cells,IL7R,2,1.453,0.40244,,False,True
Endo,min10_cells,LIFR,11,-0.02162,0.2835,0.9982206668978284,False,False
Endo,min10_cells,GHR,16,-0.28074,0.22008,0.9982206668978284,False,False
Endo,min10_cells,SELENOP,5,0.34574,-0.0038,0.9982206668978284,False,False
Endo,min10_cells,CCL28,3,-0.67152,0.06638,,False,False
Endo,min10_cells,IL6ST,5,-0.19607,-0.0644,0.9982206668978284,False,True
Endo,min10_cells,ADAMTS6,2,0.09112,1.27238,0.4288011243993978,False,True
Endo,min10_cells,AGGF1,1,-0.41062,-0.00806,0.9982206668978284,False,True
Endo,min10_cells,ZBED3,1,-0.21589,-0.24381,0.9982206668978284,False,True
Endo,min10_cells,THBS4,2,2.29775,0.51352,0.9982206668978284,False,True
Endo,min10_cells,VCAN,2,0.60468,0.38097,0.9982206668978284,False,True
Endo,min10_cells,EDIL3,2,-0.92899,-0.02255,0.9982206668978284,False,True
Endo,min10_cells,ARSK,1,0.52713,-0.01914,0.9982206668978284,False,False
Endo,min10_cells,PCSK1,2,-0.76369,-0.47627,,False,True
Endo,min10_cells,ERAP1,2,-0.18927,-0.68609,0.6399146565933941,False,True
Endo,min10_cells,ERAP2,3,-0.08022,-0.0296,0.9982206668978284,False,True
Endo,min10_cells,LNPEP,2,0.24185,0.01618,0.9982206668978284,False,True
Endo,min10_cells,ST8SIA4,2,-0.28279,-0.03832,0.9982206668978284,False,True
Endo,min10_cells,PAM,2,0.2645,-0.51261,0.6044557702902992,False,False
Endo,min10_cells,ADAMTS19,2,0.73959,0.23786,0.9982206668978284,False,True
Endo,min10_cells,CXCL14,1,-0.02921,-0.94235,0.9221403673180456,False,True
Endo,min10_cells,TGFBI,7,0.32445,1.3548,0.9241177874347504,False,True
Endo,min10_cells,SPOCK1,66,-0.02196,0.85837,0.9241177874347504,False,False
Endo,min10_cells,NRG2,33,0.01201,0.74975,0.9193065370476358,False,True
Endo,min10_cells,HBEGF,1,0.22407,-1.18459,0.6399146565933941,False,False
Endo,min10_cells,CD14,2,-0.65937,-0.31345,0.9982206668978284,False,True
Endo,min10_cells,PCDHA10,1,1.38327,0.3063,,False,True
Endo,min10_cells,PCDH12,2,-1.12354,-0.80059,,False,True
Endo,min10_cells,NDFIP1,2,-0.18253,-0.02583,0.9982206668978284,False,True
Endo,min10_cells,FGF1,19,0.41852,-0.08198,0.9982206668978284,False,False
Endo,min10_cells,PCYOX1L,2,0.1573,0.63317,,False,True
Endo,min10_cells,CD74,3,0.46381,0.52424,0.9664465551886166,False,True
Endo,min10_cells,GPX3,2,0.59342,1.86442,0.4846553334117614,False,True
Endo,min10_cells,SPARC,2,0.76855,0.24746,0.9982206668978284,False,True
Endo,min10_cells,C1QTNF2,1,1.65474,-0.12089,,False,False
Endo,min10_cells,SLIT3,92,-0.27323,0.84322,0.9241177874347504,False,False
Endo,min10_cells,STC2,3,0.58285,-1.50843,,False,False
Endo,min10_cells,ADAMTS2,1,0.44045,0.51933,,False,True
Endo,min10_cells,FLT4,2,-0.47237,-0.60493,0.9965449463526324,False,True
Endo,min10_cells,SERPINB1,1,0.89015,0.22737,0.9982206668978284,False,True
Endo,min10_cells,F13A1,1,-0.42614,1.36974,0.8674542621843644,False,False
Endo,min10_cells,LY86,2,0.74389,1.0747,,False,True
Endo,min10_cells,BMP6,2,-0.41652,-0.48254,0.9393028807017562,False,True
Endo,min10_cells,EDN1,3,-0.77307,-1.10337,0.8136504536356737,False,True
Endo,min10_cells,GFOD1,24,-0.39644,-0.2967,0.9843398818539808,False,True
Endo,min10_cells,KIAA0319,18,0.02315,0.34196,0.9982206668978284,False,True
Endo,min10_cells,GABBR1,2,0.36274,-0.11675,0.9982206668978284,False,False
Endo,min10_cells,HLA-E,2,0.48609,-0.06618,0.9982206668978284,False,False
Endo,min10_cells,DDR1,4,0.32081,0.84007,0.9664465551886166,False,True
Endo,min10_cells,BAG6,1,0.32901,-0.11307,0.9982206668978284,False,False
Endo,min10_cells,LY6G5C,1,-0.18699,0.33123,,False,False
Endo,min10_cells,HSPA1A,1,0.11181,-0.12062,0.9982206668978284,False,False
Endo,min10_cells,C2,8,-0.05515,-0.61098,,False,True
Endo,min10_cells,CFB,1,-0.10612,1.97929,0.3500434377771391,False,False
Endo,min10_cells,TNXB,11,0.18333,-0.01981,0.9982206668978284,False,False
Endo,min10_cells,EGFL8,1,-0.30576,-0.60329,0.9474539751380004,False,True
Endo,min10_cells,CUTA,2,0.09694,0.04918,0.9982206668978284,False,True
Endo,min10_cells,PI16,5,-0.30621,0.70062,,False,False
Endo,min10_cells,PTK7,1,0.45828,1.38845,,False,True
Endo,min10_cells,VEGFA,1,-0.21118,0.04821,0.9982206668978284,False,False
Endo,min10_cells,HSP90AB1,1,-0.08176,-0.24664,0.9843398818539808,False,True
Endo,min10_cells,ENPP5,2,1.10426,0.79993,,False,True
Endo,min10_cells,COL21A1,15,0.06217,1.96443,0.5922143779010139,False,True
Endo,min10_cells,EYS,16,0.09981,-0.91525,0.8991759486664139,False,False
Endo,min10_cells,COL9A1,5,-1.24124,0.45015,0.9982206668978284,False,False
Endo,min10_cells,COL12A1,5,-0.6487,0.70737,0.977698230152696,False,False
Endo,min10_cells,CD164,2,-0.09307,-0.03355,0.9982206668978284,False,True
Endo,min10_cells,METTL24,1,2.106,1.78065,,False,True
Endo,min10_cells,LAMA4,2,1.05879,-1.08049,0.049719611057247,True,False
Endo,min10_cells,SMPDL3A,1,-0.21131,0.87765,,False,False
Endo,min10_cells,RSPO3,1,0.3949,0.1275,,False,True
Endo,min10_cells,LAMA2,1,0.01557,-0.41742,0.9664465551886166,False,False
Endo,min10_cells,ENPP3,2,-0.46472,0.69769,,False,False
Endo,min10_cells,CCN2,1,-0.6293,-0.07622,0.9982206668978284,False,True
Endo,min10_cells,FUCA2,1,0.39221,0.3697,0.9982206668978284,False,True
Endo,min10_cells,VIP,2,0.68632,-0.6247,,False,False
Endo,min10_cells,FNDC1,1,-0.23937,-0.35979,,False,True
Endo,min10_cells,RNASET2,1,0.12149,0.28495,0.9982206668978284,False,True
Endo,min10_cells,SMOC2,35,-0.16659,-0.45237,0.711224677862056,False,True
Endo,min10_cells,THBS2,2,-0.57982,0.25092,0.9982206668978284,False,False
Endo,min10_cells,C6orf120,2,-0.05514,-0.16736,,False,True
Endo,min10_cells,FAM20C,1,-0.54017,-0.6708,0.8818310874253155,False,True
Endo,min10_cells,PDGFA,2,0.74466,-0.04594,0.9982206668978284,False,False
Endo,min10_cells,NXPH1,48,0.43501,-1.36933,0.9448554224173982,False,False
Endo,min10_cells,THSD7A,1,-0.66643,0.53775,0.9474539751380004,False,False
Endo,min10_cells,IL6,4,-0.4952,1.31511,,False,False
Endo,min10_cells,CCDC126,1,-0.38683,0.28301,0.9982206668978284,False,False
Endo,min10_cells,NPY,3,0.81731,0.31433,,False,True
Endo,min10_cells,HNRNPA2B1,1,0.04307,-0.0026,0.9982206668978284,False,False
Endo,min10_cells,BMPER,1,-0.00792,0.21442,0.9982206668978284,False,False
Endo,min10_cells,AOAH,2,-0.32163,1.04784,0.9193065370476358,False,False
Endo,min10_cells,EPDR1,27,0.12618,0.69124,0.9241177874347504,False,True
Endo,min10_cells,AEBP1,6,0.33619,0.64693,0.9834593979112992,False,True
Endo,min10_cells,PPIA,1,0.15953,-0.09987,0.9982206668978284,False,False
Endo,min10_cells,IGFBP3,3,0.29185,1.98856,0.3081381978957248,False,True
Endo,min10_cells,VWC2,1,-0.41417,-0.67872,,False,True
Endo,min10_cells,EGFR,44,-0.22883,-0.85509,0.3863446478988748,False,True
Endo,min10_cells,STX1A,4,0.59265,0.97893,,False,True
Endo,min10_cells,ELN,1,0.31109,0.66043,0.9834593979112992,False,True
Endo,min10_cells,ZP3,10,-1.04435,0.22264,,False,False
Endo,min10_cells,FGL2,2,0.3112,-0.34384,0.9982206668978284,False,False
Endo,min10_cells,SEMA3C,2,-0.1456,0.57084,0.9982206668978284,False,False
Endo,min10_cells,HGF,1,0.25114,-1.70277,0.5401116773713673,False,False
Endo,min10_cells,SEMA3E,1,0.19344,-0.45763,0.9982206668978284,False,False
Endo,min10_cells,SEMA3A,2,-0.01783,1.34059,0.9393028807017562,False,False
Endo,min10_cells,SEMA3D,7,-0.01665,1.40899,,False,False
Endo,min10_cells,TFPI2,1,0.93471,-0.8195,,False,False
Endo,min10_cells,COL1A2,1,-1.44224,0.2739,0.9965449463526324,False,False
Endo,min10_cells,PON3,1,-0.99928,0.18679,0.9982206668978284,False,False
Endo,min10_cells,PON2,1,-0.31086,-0.13069,0.9982206668978284,False,True
Endo,min10_cells,NPTX2,1,-1.05941,1.05274,,False,False
Endo,min10_cells,CNPY4,1,0.86294,-0.17252,,False,False
Endo,min10_cells,PILRA,2,1.18353,1.59141,,False,True
Endo,min10_cells,PCOLCE,1,0.30725,0.47039,,False,True
Endo,min10_cells,SERPINE1,1,-0.59288,-0.61965,0.9982206668978284,False,True
Endo,min10_cells,VGF,3,-0.58205,-1.2439,,False,True
Endo,min10_cells,PLOD3,1,0.12302,0.45208,0.9843398818539808,False,True
Endo,min10_cells,COL26A1,1,-1.10577,-0.42777,0.9982206668978284,False,True
Endo,min10_cells,LRRC17,2,-1.19295,-0.65776,0.9965449463526324,False,True
Endo,min10_cells,RELN,1,1.12386,0.16897,,False,True
Endo,min10_cells,NAMPT,1,0.07303,0.56245,0.9354881847397016,False,True
Endo,min10_cells,LAMB1,1,-1.36544,-0.32327,0.9982206668978284,False,True
Endo,min10_cells,NRCAM,51,0.08803,0.17358,0.9982206668978284,False,True
Endo,min10_cells,MDFIC,1,-0.51778,0.90152,0.696093451220098,False,False
Endo,min10_cells,MET,9,1.03274,1.23768,,False,True
Endo,min10_cells,FAM3C,2,0.24329,0.20204,0.9982206668978284,False,True
Endo,min10_cells,PTPRZ1,1,0.18948,-0.6061,0.9808233985726134,False,False
Endo,min10_cells,HILPDA,2,0.08165,1.59587,0.4967788422115781,False,True
Endo,min10_cells,CALU,1,-0.00955,0.50439,0.8084967715133126,False,False
Endo,min10_cells,PTN,1,-0.37185,-0.57925,0.6399146565933941,False,True
Endo,min10_cells,EPHB6,1,-0.29924,0.70237,,False,False
Endo,min10_cells,RARRES2,1,-0.3832,0.05794,0.9982206668978284,False,False
Endo,min10_cells,ANGPT2,1,-0.65449,0.36299,0.9982206668978284,False,False
Endo,min10_cells,CTSB,1,-0.07794,0.24413,0.9982206668978284,False,False
Endo,min10_cells,PDGFRL,2,0.0582,0.57773,,False,True
Endo,min10_cells,ASAH1,2,0.48883,-0.11526,0.9982206668978284,False,False
Endo,min10_cells,LPL,1,0.41271,0.37049,0.9622590648175704,False,True
Endo,min10_cells,BMP1,1,-0.86152,0.45834,,False,False
Endo,min10_cells,PEBP4,1,0.16599,-0.31473,0.9982206668978284,False,False
Endo,min10_cells,LOXL2,1,-0.35255,0.8098,0.9448554224173982,False,False
Endo,min10_cells,STC1,2,0.40748,0.67896,0.9982206668978284,False,True
Endo,min10_cells,ADAM28,2,-0.60766,0.83165,0.9640577932247956,False,False
Endo,min10_cells,CLU,2,0.2016,0.83171,0.876623062676187,False,True
Endo,min10_cells,NRG1,89,-0.06802,-0.70613,0.9797295380839568,False,True
Endo,min10_cells,ADAM9,1,0.02059,-0.04741,0.9982206668978284,False,False
Endo,min10_cells,SFRP1,1,1.58863,1.64427,,False,True
Endo,min10_cells,PLAT,3,0.01238,-1.81225,0.0015170246282148,True,False
Endo,min10_cells,PXDNL,2,0.68935,0.72485,0.9664465551886166,False,True
Endo,min10_cells,SDCBP,2,0.64617,-0.33902,0.9664465551886166,False,False
Endo,min10_cells,GGH,1,-0.45331,0.90776,,False,False
Endo,min10_cells,SULF1,6,-0.2678,4.00475,0.4470344970642882,False,False
Endo,min10_cells,LY96,1,-0.78067,0.76904,0.9085131376596548,False,False
Endo,min10_cells,CRISPLD1,2,0.16292,-0.28239,,False,False
Endo,min10_cells,IL7,2,0.42054,1.16007,0.696093451220098,False,True
Endo,min10_cells,FABP5,1,0.32756,1.0187,0.8419612466882677,False,True
Endo,min10_cells,MMP16,1,0.04206,-1.3024,0.3407671925949733,False,False
Endo,min10_cells,CPQ,1,-0.77874,0.28786,0.9241177874347504,False,False
Endo,min10_cells,MATN2,6,-0.8226,0.14235,0.9982206668978284,False,False
Endo,min10_cells,CTHRC1,2,-0.70991,0.28354,,False,False
Endo,min10_cells,TNFRSF11B,1,0.34686,-0.02667,,False,False
Endo,min10_cells,CCN3,1,0.11714,-0.34126,0.9982206668978284,False,False
Endo,min10_cells,ENPP2,21,0.55617,0.64734,0.9664465551886166,False,True
Endo,min10_cells,COL14A1,14,0.72573,-0.25941,0.9982206668978284,False,False
Endo,min10_cells,CCN4,1,0.6924,0.34045,0.9982206668978284,False,True
Endo,min10_cells,ST3GAL1,1,0.13423,-0.3657,0.9193065370476358,False,False
Endo,min10_cells,ADGRB1,9,-0.17302,0.40046,,False,False
Endo,min10_cells,LY6K,1,-1.27134,-0.85902,,False,True
Endo,min10_cells,THEM6,1,-0.01992,-0.22617,,False,True
Endo,min10_cells,GSDMD,2,-0.12764,0.22328,0.9982206668978284,False,False
Endo,min10_cells,INSL6,1,-0.77158,0.4897,0.9982206668978284,False,False
Endo,min10_cells,CD274,2,0.36392,0.33671,,False,True
Endo,min10_cells,PDCD1LG2,4,0.79048,0.97626,,False,True
Endo,min10_cells,IL33,9,-0.16506,1.47441,,False,False
Endo,min10_cells,FREM1,16,0.47454,2.057,,False,True
Endo,min10_cells,ADAMTSL1,46,0.64683,0.78108,,False,True
Endo,min10_cells,TEK,1,-1.52539,-1.05763,0.3720341084166308,False,True
Endo,min10_cells,C9orf72,1,0.16078,-0.15896,0.9982206668978284,False,False
Endo,min10_cells,B4GALT1,1,0.01396,-0.11927,0.9982206668978284,False,False
Endo,min10_cells,PRSS3,12,-1.02005,-2.56405,0.000154866141069,True,True
Endo,min10_cells,ENHO,1,0.38673,0.13601,0.9982206668978284,False,True
Endo,min10_cells,IL11RA,2,-0.07693,0.95579,,False,False
Endo,min10_cells,MAMDC2,1,0.51397,1.22662,0.9085131376596548,False,True
Endo,min10_cells,ANXA1,5,-0.77948,-0.09013,0.9982206668978284,False,True
Endo,min10_cells,PCSK5,1,0.53576,0.61026,0.9400670099180182,False,True
Endo,min10_cells,CTSL,1,0.14021,0.55916,0.9393028807017562,False,True
Endo,min10_cells,OGN,1,-0.63329,2.10557,0.7073528412403485,False,False
Endo,min10_cells,ASPN,2,-0.63522,0.86709,0.9664465551886166,False,False
Endo,min10_cells,ECM2,4,-0.86192,0.39938,0.9822071784358802,False,False
Endo,min10_cells,NINJ1,3,-0.04431,0.82798,0.9193065370476358,False,False
Endo,min10_cells,COL15A1,1,0.28599,0.79024,,False,True
Endo,min10_cells,TXN,1,-0.10653,-0.02415,0.9982206668978284,False,True
Endo,min10_cells,SVEP1,1,0.36764,-1.26954,0.9241177874347504,False,False
Endo,min10_cells,COL27A1,2,-0.0224,-0.45507,0.9965449463526324,False,True
Endo,min10_cells,TNC,6,2.55835,2.54624,0.7361395785532047,False,True
Endo,min10_cells,PAPPA,2,1.34512,-1.53008,,False,False
Endo,min10_cells,GSN,31,0.41425,0.37139,0.9474539751380004,False,True
Endo,min10_cells,CRB2,5,0.55439,1.67667,,False,True
Endo,min10_cells,OLFML2A,9,-0.08297,-0.34864,0.9982206668978284,False,True
Endo,min10_cells,ANGPTL2,1,-0.26888,-0.86158,,False,True
Endo,min10_cells,TOR2A,1,0.00473,1.30226,,False,True
Endo,min10_cells,LAMC3,1,0.52048,-0.25072,0.9982206668978284,False,False
Endo,min10_cells,ABO,4,-0.59643,-0.32322,0.9843398818539808,False,True
Endo,min10_cells,ADAMTSL2,2,-1.32805,-0.91449,,False,True
Endo,min10_cells,COL5A1,1,-0.7722,-0.09755,0.9982206668978284,False,True
Endo,min10_cells,OLFM1,4,0.15083,0.05415,0.9982206668978284,False,True
Endo,min10_cells,QSOX2,2,-0.32022,-1.4689,0.5401116773713673,False,True
Endo,min10_cells,EGFL7,2,-0.42312,-0.59573,0.8386509530748588,False,True
Endo,min10_cells,LCN6,2,-0.28613,0.52861,,False,False
Endo,min10_cells,PTGDS,2,-0.50668,0.03019,0.9982206668978284,False,False
Endo,min10_cells,CLIC3,1,-0.38806,-1.68755,,False,True
Endo,min10_cells,DPP7,2,0.00577,0.33553,0.9982206668978284,False,True
Endo,min10_cells,IL15RA,1,-0.10096,0.76864,0.9299871848607952,False,False
Endo,min10_cells,ITIH5,9,-0.35095,-0.61386,0.7686928462891307,False,True
Endo,min10_cells,CCDC3,19,0.2016,-0.62041,0.8257914075865923,False,False
Endo,min10_cells,CDNF,2,-0.56006,0.99551,,False,False
Endo,min10_cells,NRP1,1,0.18396,-0.10376,0.9982206668978284,False,False
Endo,min10_cells,CXCL12,2,-0.84566,-0.19876,0.9982206668978284,False,True
Endo,min10_cells,VSTM4,2,0.46932,0.28164,0.9982206668978284,False,True
Endo,min10_cells,PCDH15,3,-1.14237,-1.74227,0.6229059340624769,False,True
Endo,min10_cells,SRGN,3,0.32659,0.0382,0.9982206668978284,False,True
Endo,min10_cells,NODAL,1,-1.8203,-1.53551,,False,True
Endo,min10_cells,ADAMTS14,3,0.13298,1.38671,,False,True
Endo,min10_cells,PSAP,2,0.23845,0.19929,0.9982206668978284,False,True
Endo,min10_cells,SPOCK2,2,-0.25929,-0.74303,0.676168648817462,False,True
Endo,min10_cells,PLAU,1,0.66116,0.77218,,False,True
Endo,min10_cells,PLAC9,3,0.58928,0.71785,0.9536280109259396,False,True
Endo,min10_cells,PRXL2A,6,-0.27563,0.34143,0.9822071784358802,False,False
Endo,min10_cells,NRG3,169,-0.2412,0.25114,0.9982206668978284,False,False
Endo,min10_cells,MMRN2,2,0.47329,-0.09531,0.9982206668978284,False,False
Endo,min10_cells,MINPP1,2,0.07534,0.05099,0.9982206668978284,False,True
Endo,min10_cells,PTEN,1,0.07195,0.14218,0.9982206668978284,False,True
Endo,min10_cells,RNLS,1,-0.01673,0.09598,0.9982206668978284,False,False
Endo,min10_cells,FAS,1,0.10535,0.58676,0.9193065370476358,False,True
Endo,min10_cells,FGFBP3,1,-0.26568,-0.12088,,False,True
Endo,min10_cells,IDE,10,-0.30575,0.24749,0.9982206668978284,False,False
Endo,min10_cells,LGI1,2,0.01582,0.72919,0.977698230152696,False,True
Endo,min10_cells,TLL2,1,0.2258,-0.00536,,False,False
Endo,min10_cells,SLIT1,2,1.70925,-0.62684,0.9822071784358802,False,False
Endo,min10_cells,HPSE2,35,0.21531,2.08992,,False,True
Endo,min10_cells,CASP7,7,0.08571,-0.03308,0.9982206668978284,False,False
Endo,min10_cells,VWA2,1,0.00996,0.26708,0.9982206668978284,False,True
Endo,min10_cells,FGFR2,18,0.27745,0.62397,0.9834593979112992,False,True
Endo,min10_cells,HTRA1,3,0.09442,-0.35461,0.9982206668978284,False,False
Endo,min10_cells,FAM24B,1,-0.32006,-1.11238,,False,True
Endo,min10_cells,MMP21,2,0.13714,-0.04206,,False,False
Endo,min10_cells,ADAM12,2,0.84549,-1.39701,0.9203734389756338,False,False
Endo,min10_cells,DEAF1,2,0.14802,0.008,0.9982206668978284,False,True
Endo,min10_cells,GATD1,1,0.22122,0.36704,,False,True
Endo,min10_cells,CHID1,3,-0.53443,-0.42219,0.9798253995498232,False,True
Endo,min10_cells,CTSD,1,-0.71292,1.06468,0.5382779986677332,False,False
Endo,min10_cells,SMPD1,1,0.37909,-0.09456,0.9982206668978284,False,False
Endo,min10_cells,OLFML1,3,0.87279,-0.08666,,False,False
Endo,min10_cells,TUB,22,-0.22434,1.06371,,False,False
Endo,min10_cells,SCUBE2,1,-0.76435,0.3878,0.9982206668978284,False,False
Endo,min10_cells,ADM,5,0.32809,-1.2055,0.8341111142626818,False,False
Endo,min10_cells,MTRNR2L8,1,-0.04216,-0.73663,0.8784630281834493,False,True
Endo,min10_cells,DKK3,2,-0.29486,0.34339,0.9820809407837704,False,False
Endo,min10_cells,SPON1,1,0.68178,-0.23431,0.9982206668978284,False,False
Endo,min10_cells,NUCB2,1,-0.42348,0.13642,0.9982206668978284,False,False
Endo,min10_cells,NELL1,2,-0.86171,-1.179,0.9307180598069142,False,True
Endo,min10_cells,LUZP2,27,-0.16291,-0.69841,0.9797295380839568,False,True
Endo,min10_cells,FIBIN,3,0.03536,1.1913,,False,True
Endo,min10_cells,BDNF,15,0.28496,0.82297,,False,True
Endo,min10_cells,CD59,5,-0.64077,-0.38725,0.9822071784358802,False,True
Endo,min10_cells,CD44,13,0.635,0.55159,0.9476491767436772,False,True
Endo,min10_cells,PAMR1,12,0.56071,0.22325,0.9982206668978284,False,True
Endo,min10_cells,FJX1,2,-0.11816,0.73796,,False,False
Endo,min10_cells,EXT2,2,1.09224,0.32628,0.973587792225092,False,True
Endo,min10_cells,MDK,1,0.18162,-0.63515,0.9474539751380004,False,False
Endo,min10_cells,C1QTNF4,3,-0.15971,-0.46702,,False,True
Endo,min10_cells,PTPRJ,1,-0.44977,0.44477,0.9798253995498232,False,False
Endo,min10_cells,SERPING1,1,-0.56937,0.58062,0.8421225114916382,False,False
Endo,min10_cells,VEGFB,2,-0.14063,1.30803,0.5194126925754785,False,False
Endo,min10_cells,LTBP3,4,-0.1381,0.25363,0.9982206668978284,False,False
Endo,min10_cells,EFEMP2,1,-0.16858,0.01823,0.9982206668978284,False,False
Endo,min10_cells,IL18BP,2,-0.07366,1.80518,,False,False
Endo,min10_cells,TSKU,3,0.01254,0.06381,,False,True
Endo,min10_cells,PRSS23,1,-0.77406,0.07552,0.9982206668978284,False,False
Endo,min10_cells,ENDOD1,1,-0.60467,-0.47602,0.7836298865248615,False,True
Endo,min10_cells,PDGFD,1,0.63349,1.82169,0.7897417476611661,False,True
Endo,min10_cells,CASP4,3,-0.62692,0.29553,0.9982206668978284,False,False
Endo,min10_cells,CRYAB,5,0.33511,0.55259,0.9822071784358802,False,True
Endo,min10_cells,IL18,1,-1.12298,1.82413,,False,False
Endo,min10_cells,NCAM1,1,-0.02239,0.58118,0.973587792225092,False,False
Endo,min10_cells,TMEM25,1,-0.8679,0.47687,,False,False
Endo,min10_cells,NECTIN1,2,0.23446,-1.16651,0.8930057710905791,False,False
Endo,min10_cells,OAF,1,0.48341,0.59938,0.9193065370476358,False,True
Endo,min10_cells,TECTA,3,2.46735,1.02139,,False,True
Endo,min10_cells,SORL1,45,0.51984,0.68865,0.854133590438534,False,True
Endo,min10_cells,ST3GAL4,15,0.10415,-0.46266,,False,False
Endo,min10_cells,KIRREL3,1,-1.04128,-0.07127,0.9982206668978284,False,True
Endo,min10_cells,ADAMTS8,2,0.00938,-0.33621,0.9982206668978284,False,False
Endo,min10_cells,JAM3,1,0.50909,0.06216,0.9982206668978284,False,True
Endo,min10_cells,B3GAT1,9,0.68987,0.44313,0.9982206668978284,False,True
Endo,min10_cells,WNT5B,17,-0.21809,0.1903,0.9982206668978284,False,False
Endo,min10_cells,TULP3,1,0.0443,0.57237,0.8930057710905791,False,True
Endo,min10_cells,VWF,2,-0.38358,-0.18209,0.9982206668978284,False,True
Endo,min10_cells,CD9,11,-0.29119,-0.43172,0.9644046166239764,False,True
Endo,min10_cells,TNFRSF1A,2,-1.11093,0.1804,0.9982206668978284,False,False
Endo,min10_cells,C1S,15,0.38949,1.51238,0.4638668740267856,False,True
Endo,min10_cells,C1R,2,0.02243,2.78955,0.1357492977247381,False,True
Endo,min10_cells,C1RL,1,-0.87638,1.43028,0.4967788422115781,False,False
Endo,min10_cells,CD163L1,1,-0.56733,-0.55601,0.9982206668978284,False,True
Endo,min10_cells,CD163,1,0.47902,2.44883,0.7882440980011821,False,True
Endo,min10_cells,A2M,3,-0.58626,-0.64997,0.77588496811775,False,True
Endo,min10_cells,MGP,4,0.09977,1.17432,0.8536475763485317,False,True
Endo,min10_cells,SPX,2,-0.4004,1.45148,,False,False
Endo,min10_cells,OVCH1,1,0.30112,0.24958,,False,True
Endo,min10_cells,NELL2,3,-1.2476,-0.72189,0.9664465551886166,False,True
Endo,min10_cells,IGFBP6,1,-0.33241,1.47628,0.5687089014165682,False,False
Endo,min10_cells,NPFF,1,-0.43941,-0.37496,,False,True
Endo,min10_cells,CD63,1,-0.06278,-0.01091,0.9982206668978284,False,True
Endo,min10_cells,GDF11,2,-0.65977,-0.05328,0.9982206668978284,False,True
Endo,min10_cells,ERBB3,3,-0.35323,0.35635,0.9982206668978284,False,False
Endo,min10_cells,NXPH4,1,-0.28295,0.64304,,False,False
Endo,min10_cells,PTPRR,20,1.20276,-0.33908,,False,False
Endo,min10_cells,GLIPR1L1,5,-0.04282,0.77771,,False,False
Endo,min10_cells,KITLG,1,0.08167,-1.77916,0.0644287439822281,True,False
Endo,min10_cells,LUM,1,1.33836,-0.45329,0.9965449463526324,False,False
Endo,min10_cells,DCN,2,-0.20342,0.20781,0.9982206668978284,False,False
Endo,min10_cells,NTN4,1,-0.52386,0.07729,0.9982206668978284,False,False
Endo,min10_cells,IGF1,2,-0.76486,2.59651,,False,False
Endo,min10_cells,TCTN1,1,0.02434,0.01804,0.9982206668978284,False,True
Endo,min10_cells,OAS1,1,-0.0255,-1.27644,0.5532853643709599,False,True
Endo,min10_cells,MMP17,5,0.70799,-0.85556,,False,False
Endo,min10_cells,IL17D,1,-0.04057,0.34862,0.9982206668978284,False,False
Endo,min10_cells,FLT1,35,-0.1525,-0.41951,0.9622590648175704,False,True
Endo,min10_cells,HMGB1,21,0.48914,-0.12245,0.9982206668978284,False,False
Endo,min10_cells,KL,2,-0.50051,0.05644,0.9982206668978284,False,False
Endo,min10_cells,NHLRC3,1,0.34675,-0.26255,0.9982206668978284,False,False
Endo,min10_cells,ENOX1,2,-0.40916,0.02045,0.9982206668978284,False,False
Endo,min10_cells,ITM2B,3,-0.19683,0.07272,0.9982206668978284,False,False
Endo,min10_cells,THSD1,4,0.0058,-0.79449,0.6442603733787978,False,False
Endo,min10_cells,PIBF1,1,0.44251,0.10237,0.9982206668978284,False,True
Endo,min10_cells,CLN5,1,0.0537,0.13262,0.9982206668978284,False,True
Endo,min10_cells,SLITRK1,3,0.60757,-0.38621,,False,False
Endo,min10_cells,GPC5,35,-0.1352,-0.29451,0.9764412202655528,False,True
Endo,min10_cells,GPC6,89,-0.13106,0.87716,0.9241177874347504,False,False
Endo,min10_cells,TNFSF13B,3,0.04225,0.02407,0.9982206668978284,False,True
Endo,min10_cells,COL4A1,1,-0.20451,-1.1188,0.6402861904871696,False,True
Endo,min10_cells,COL4A2,1,-0.20451,-1.73348,0.1885476770511808,False,True
Endo,min10_cells,F10,3,0.3583,-0.08765,,False,False
Endo,min10_cells,GAS6,2,-0.5071,0.02254,0.9982206668978284,False,False
Endo,min10_cells,RNASE4,2,-0.20834,1.46204,0.6973830629832898,False,False
Endo,min10_cells,RNASE1,3,-0.35922,-0.48187,0.972510582202908,False,True
Endo,min10_cells,C14orf93,1,0.23406,0.2384,,False,True
Endo,min10_cells,DHRS4L2,9,-0.67199,0.06401,0.9982206668978284,False,False
Endo,min10_cells,COCH,1,-0.05766,-0.07966,,False,True
Endo,min10_cells,FAM177A1,2,0.17322,-0.24641,0.9839002358356852,False,False
Endo,min10_cells,TMX1,1,0.01699,0.6403,0.8002866961586139,False,True
Endo,min10_cells,NID2,1,-0.24086,-0.45993,0.9982206668978284,False,True
Endo,min10_cells,TXNDC16,1,-0.03163,0.35469,0.9982206668978284,False,False
Endo,min10_cells,ERO1A,1,0.10764,0.02164,0.9982206668978284,False,True
Endo,min10_cells,BMP4,2,-0.79136,1.13959,,False,False
Endo,min10_cells,LGALS3,1,0.55095,0.21386,0.9982206668978284,False,True
Endo,min10_cells,SMOC1,3,-0.88259,0.24519,0.9982206668978284,False,False
Endo,min10_cells,ENTPD5,1,-0.79633,0.11928,0.9982206668978284,False,False
Endo,min10_cells,NPC2,1,-0.13367,0.72582,0.9193065370476358,False,False
Endo,min10_cells,PGF,3,-0.63031,0.39571,0.9965449463526324,False,False
Endo,min10_cells,TGFB3,3,-0.10211,-0.06466,,False,True
Endo,min10_cells,VASH1,6,-0.38114,-0.18337,0.9982206668978284,False,True
Endo,min10_cells,FLRT2,4,-0.23443,0.16369,0.9982206668978284,False,False
Endo,min10_cells,FBLN5,2,-1.25235,0.86585,0.8713720903889498,False,False
Endo,min10_cells,SERPINA3,1,1.3169,4.33427,0.2075671061163246,False,True
Endo,min10_cells,HHIPL1,2,-0.12915,0.01602,0.9982206668978284,False,False
Endo,min10_cells,WDR25,3,-0.05601,-0.00732,0.9982206668978284,False,True
Endo,min10_cells,SCG5,2,0.36219,0.18539,0.9982206668978284,False,True
Endo,min10_cells,THBS1,2,0.26484,-1.29571,0.883629907508554,False,False
Endo,min10_cells,B2M,2,-0.10854,0.04083,0.9982206668978284,False,False
Endo,min10_cells,SORD,6,0.01067,0.86235,,False,True
Endo,min10_cells,FBN1,1,0.45149,0.78347,0.9664465551886166,False,True
Endo,min10_cells,GLDN,8,0.54496,0.6506,0.9965449463526324,False,True
Endo,min10_cells,SCG3,1,-0.59855,-0.18787,0.9982206668978284,False,True
Endo,min10_cells,ANXA2,1,0.32273,-0.00702,0.9982206668978284,False,False
Endo,min10_cells,PPIB,1,0.15793,0.69984,0.7584067766873044,False,True
Endo,min10_cells,C15orf61,1,0.18873,0.38464,0.9982206668978284,False,True
Endo,min10_cells,SPESP1,1,-0.22859,-0.58425,0.9843398818539808,False,True
Endo,min10_cells,THSD4,62,-0.78825,-0.40102,0.8781595293626598,False,True
Endo,min10_cells,ADPGK,10,-0.3024,-0.14696,0.9982206668978284,False,True
Endo,min10_cells,LOXL1,3,0.34163,0.65254,,False,True
Endo,min10_cells,ISLR,4,-0.72049,1.48914,,False,False
Endo,min10_cells,CEMIP,1,-0.15874,0.40781,0.9982206668978284,False,False
Endo,min10_cells,IL16,24,-0.06685,0.90686,0.9612881208866292,False,False
Endo,min10_cells,ADAMTSL3,2,-0.58233,1.23002,0.6059019594984332,False,False
Endo,min10_cells,NMB,1,1.07843,0.22364,,False,True
Endo,min10_cells,HAPLN3,2,-0.77336,-0.10716,0.9982206668978284,False,True
Endo,min10_cells,MFGE8,2,-0.44927,-0.13086,0.9982206668978284,False,True
Endo,min10_cells,NGRN,1,0.28295,0.25044,0.9982206668978284,False,True
Endo,min10_cells,FURIN,5,-0.48164,0.17468,0.9982206668978284,False,False
Endo,min10_cells,RGMA,5,0.94964,0.91921,0.9720172982698512,False,True
Endo,min10_cells,ADAMTS17,1,0.18387,-0.25637,0.9982206668978284,False,False
Endo,min10_cells,CHSY1,1,0.2712,0.07816,0.9982206668978284,False,True
Endo,min10_cells,PCSK6,45,-0.38351,0.10574,0.9982206668978284,False,False
Endo,min10_cells,METRN,2,-0.35916,0.81921,0.8841940440262835,False,False
Endo,min10_cells,GNPTG,1,0.22865,0.22504,0.9982206668978284,False,True
Endo,min10_cells,GFER,2,0.3351,1.26074,,False,True
Endo,min10_cells,PKD1,2,0.04595,-0.7344,0.8419612466882677,False,False
Endo,min10_cells,MMP25,2,-0.98035,-0.03509,,False,True
Endo,min10_cells,IL32,1,-0.01239,-0.38986,0.9982206668978284,False,True
Endo,min10_cells,DNASE1,2,-1.35421,-0.04618,0.9982206668978284,False,True
Endo,min10_cells,VASN,5,0.3713,-0.08865,,False,False
Endo,min10_cells,C16orf89,1,0.74325,-0.59012,0.9822071784358802,False,False
Endo,min10_cells,XYLT1,1,-0.01591,0.65716,0.973587792225092,False,False
Endo,min10_cells,VWA3A,8,-1.22535,1.44756,,False,False
Endo,min10_cells,IL4R,12,0.05597,0.46693,0.9793307543427382,False,True
Endo,min10_cells,PRSS53,1,-0.82007,0.64924,,False,False
Endo,min10_cells,ITFG1,1,-0.26281,0.35455,0.854133590438534,False,False
Endo,min10_cells,MMP2,13,-0.22089,0.21263,,False,False
Endo,min10_cells,RSPRY1,1,-0.54711,0.001,0.9994994437312388,False,False
Endo,min10_cells,CX3CL1,1,-0.6144,0.32572,0.9982206668978284,False,False
Endo,min10_cells,ADGRG1,11,0.09367,0.24002,0.9982206668978284,False,True
Endo,min10_cells,CKLF,2,0.2207,0.1826,0.9982206668978284,False,True
Endo,min10_cells,CES4A,4,-0.02273,0.17401,,False,False
Endo,min10_cells,GFOD2,1,0.13993,-0.30724,0.9965449463526324,False,False
Endo,min10_cells,LCAT,3,-1.39379,-0.605,,False,True
Endo,min10_cells,PLA2G15,3,0.54161,-0.35267,,False,False
Endo,min10_cells,ST3GAL2,11,-0.21841,-0.66178,0.8856990343640121,False,True
Endo,min10_cells,IL34,14,-0.18817,-0.12676,,False,True
Endo,min10_cells,MBTPS1,1,-0.21726,0.01225,0.9982206668978284,False,False
Endo,min10_cells,WFDC1,1,-0.51581,-0.94565,,False,True
Endo,min10_cells,CRISPLD2,2,-0.40673,-0.25707,0.9982206668978284,False,True
Endo,min10_cells,CYB5D2,1,-0.29439,0.44682,0.9982206668978284,False,False
Endo,min10_cells,CXCL16,1,-0.16044,1.08333,,False,False
Endo,min10_cells,C1QBP,1,-0.25567,0.27266,0.9982206668978284,False,False
Endo,min10_cells,TNFSF12,1,0.12441,0.33255,0.9843398818539808,False,True
Endo,min10_cells,TNFSF13,2,-0.10977,1.34561,,False,False
Endo,min10_cells,NTN1,2,-0.14894,-1.16365,0.7843178214242909,False,True
Endo,min10_cells,MTRNR2L1,2,0.06877,0.16409,0.9982206668978284,False,True
Endo,min10_cells,LGALS9,3,0.19146,0.01687,0.9982206668978284,False,True
Endo,min10_cells,SDF2,1,-0.46633,-0.11546,0.9982206668978284,False,True
Endo,min10_cells,TMEM98,1,0.45588,0.23531,0.9982206668978284,False,True
Endo,min10_cells,CCL2,1,0.48132,0.05496,0.9982206668978284,False,True
Endo,min10_cells,MMP28,2,-1.03284,-1.66726,0.0758939693615313,True,True
Endo,min10_cells,CCL5,2,1.04299,3.81707,0.3801729588371776,False,True
Endo,min10_cells,CCL4,2,-0.09251,0.69798,0.9982206668978284,False,False
Endo,min10_cells,DHRS11,1,-0.07797,0.58949,,False,False
Endo,min10_cells,PLXDC1,2,0.09068,0.16998,0.9982206668978284,False,True
Endo,min10_cells,IGFBP4,1,0.139,1.12048,0.8424033724806006,False,True
Endo,min10_cells,IFI35,1,1.06805,-0.26917,0.9982206668978284,False,False
Endo,min10_cells,GRN,3,-0.2992,0.29505,0.9982206668978284,False,False
Endo,min10_cells,MAPT,19,0.39638,0.21968,0.9982206668978284,False,True
Endo,min10_cells,XYLT2,1,-0.15863,-0.05805,,False,True
Endo,min10_cells,SPATA20,1,-0.66073,1.15508,,False,False
Endo,min10_cells,CA10,3,-0.64574,-1.91487,0.5983625159818315,False,True
Endo,min10_cells,C17orf67,1,0.49595,0.3067,0.9982206668978284,False,True
Endo,min10_cells,SCPEP1,1,-0.08057,0.23404,0.9982206668978284,False,False
Endo,min10_cells,RNF43,3,-0.40248,-1.10705,,False,True
Endo,min10_cells,ACE,2,-0.35131,-2.19216,,False,True
Endo,min10_cells,FAM20A,13,-0.2688,-0.16884,0.9982206668978284,False,True
Endo,min10_cells,TIMP2,18,-0.54232,0.18432,0.9982206668978284,False,False
Endo,min10_cells,LGALS3BP,1,-0.46105,-0.28332,0.9982206668978284,False,True
Endo,min10_cells,CANT1,5,-0.49691,-0.76822,0.9241177874347504,False,True
Endo,min10_cells,C1QTNF1,10,-0.09594,-0.24171,0.9982206668978284,False,True
Endo,min10_cells,NPTX1,3,-0.25014,-0.79012,0.9820809407837704,False,True
Endo,min10_cells,P4HB,1,0.60039,0.2023,0.9982206668978284,False,True
Endo,min10_cells,METRNL,1,0.31959,-0.53398,,False,False
Endo,min10_cells,EMILIN2,3,-0.38066,1.44383,0.5450842284727107,False,False
Endo,min10_cells,LAMA1,25,-0.26779,-0.72733,0.9843398818539808,False,True
Endo,min10_cells,TWSG1,1,-0.00813,-0.05817,0.9982206668978284,False,True
Endo,min10_cells,LAMA3,29,0.14983,-0.33425,0.9972271910282328,False,False
Endo,min10_cells,CHST9,8,-0.51727,-0.04185,0.9982206668978284,False,True
Endo,min10_cells,TTR,8,0.38256,1.33935,0.9664465551886166,False,True
Endo,min10_cells,GALNT1,1,1.34079,0.40857,0.9241177874347504,False,True
Endo,min10_cells,C18orf54,1,-0.12773,0.22947,0.9982206668978284,False,False
Endo,min10_cells,TCF4,89,-0.28853,-0.27448,0.9720172982698512,False,True
Endo,min10_cells,GRP,3,-0.33594,-2.06077,0.4476178055915069,False,True
Endo,min10_cells,CCBE1,36,1.01661,-1.61944,0.6946615885335271,False,False
Endo,min10_cells,CBLN2,17,-0.52848,-1.9459,,False,True
Endo,min10_cells,NETO1,2,0.40131,-0.27244,0.9982206668978284,False,False
Endo,min10_cells,CNDP1,1,0.76601,-0.46982,0.9982206668978284,False,False
Endo,min10_cells,FSTL3,3,0.14415,0.99812,0.9798253995498232,False,True
Endo,min10_cells,IZUMO4,1,-0.23381,1.42983,,False,False
Endo,min10_cells,AMH,1,0.78296,-0.5558,,False,False
Endo,min10_cells,MYDGF,2,-0.12776,0.47792,0.9764412202655528,False,False
Endo,min10_cells,HSD11B1L,1,-0.28032,0.36035,,False,False
Endo,min10_cells,C3,2,0.84056,0.72729,0.9965449463526324,False,True
Endo,min10_cells,ANGPTL4,2,0.04842,0.2689,0.9982206668978284,False,True
Endo,min10_cells,ADAMTS10,4,-0.363,0.02195,0.9982206668978284,False,False
Endo,min10_cells,OLFM2,19,0.27803,-0.1146,0.9982206668978284,False,False
Endo,min10_cells,COL5A3,2,-0.06079,-0.0555,0.9982206668978284,False,True
Endo,min10_cells,EPOR,2,-0.07741,0.96354,0.9393028807017562,False,False
Endo,min10_cells,MAN2B1,2,0.36859,1.43341,,False,True
Endo,min10_cells,CALR,1,0.53434,0.43053,0.97879631410106,False,True
Endo,min10_cells,SAMD1,1,-0.05949,1.01964,0.6890291006975223,False,False
Endo,min10_cells,ADGRE5,1,-0.09153,0.0,0.9999991370356862,False,False
Endo,min10_cells,CPAMD8,2,-0.58473,-0.02672,0.9982206668978284,False,True
Endo,min10_cells,IFI30,1,-0.08808,0.73444,,False,False
Endo,min10_cells,NCAN,3,0.60962,-0.05911,0.9982206668978284,False,False
Endo,min10_cells,GPI,1,0.13194,0.37587,0.9474539751380004,False,True
Endo,min10_cells,SCGB2B2,13,0.23846,0.33792,0.9982206668978284,False,True
Endo,min10_cells,SCN1B,2,1.11343,0.10216,,False,True
Endo,min10_cells,LGI4,1,1.14019,1.32,0.696093451220098,False,True
Endo,min10_cells,HSPB6,1,0.11262,2.46549,,False,True
Endo,min10_cells,CATSPERG,1,-0.03215,0.52669,,False,False
Endo,min10_cells,LTBP4,7,0.04191,1.40757,,False,True
Endo,min10_cells,TGFB1,2,0.50366,0.44975,0.9707266122522284,False,True
Endo,min10_cells,CEACAM1,1,-0.27099,0.8397,,False,False
Endo,min10_cells,PLAUR,2,0.01523,-0.8667,0.9474539751380004,False,False
Endo,min10_cells,PVR,1,0.07411,-1.14714,0.7586461796165564,False,False
Endo,min10_cells,APOE,3,0.525,0.63242,0.9664465551886166,False,True
Endo,min10_cells,APOC1,2,-0.70278,1.42339,,False,False
Endo,min10_cells,APOC2,4,-0.23055,0.95426,,False,False
Endo,min10_cells,FKRP,2,0.60323,-0.20555,0.9982206668978284,False,False
Endo,min10_cells,CA11,1,0.0855,-0.09679,0.9982206668978284,False,False
Endo,min10_cells,NUCB1,1,-0.042,0.11938,0.9982206668978284,False,False
Endo,min10_cells,FLT3LG,2,-0.83586,0.48735,,False,False
Endo,min10_cells,ADM5,1,-0.21087,2.0233,,False,False
Endo,min10_cells,EMC10,2,-0.12374,0.68903,0.8989977740777834,False,False
Endo,min10_cells,CLEC11A,2,-0.16904,-0.58044,0.9660854956068782,False,True
Endo,min10_cells,KLK6,1,1.18142,1.32169,,False,True
Endo,min10_cells,SSC5D,4,0.39492,-0.37713,,False,False
Endo,min10_cells,EDDM13,2,2.26736,-0.62732,,False,False
Endo,min10_cells,A1BG,1,0.68989,0.34034,0.9982206668978284,False,True
Endo,min10_cells,RSPO4,2,-1.75386,0.05741,,False,False
Endo,min10_cells,ATRN,1,-0.98101,0.0442,0.9982206668978284,False,False
Endo,min10_cells,C20orf27,2,-0.41446,0.71079,0.9241177874347504,False,False
Endo,min10_cells,CHGB,2,1.05068,-0.12244,0.9982206668978284,False,False
Endo,min10_cells,BMP2,3,1.07115,0.81034,,False,True
Endo,min10_cells,ISM1,1,-0.11434,-1.07826,0.7601034538651998,False,True
Endo,min10_cells,PCSK2,2,0.66082,-1.05012,0.9241177874347504,False,False
Endo,min10_cells,CST3,2,-0.01677,0.64315,0.9474539751380004,False,False
Endo,min10_cells,ENTPD6,1,-0.12487,0.2905,0.9982206668978284,False,False
Endo,min10_cells,MMP24,1,0.58864,-0.12605,0.9982206668978284,False,False
Endo,min10_cells,SOGA1,2,0.24859,-0.40677,0.9457081996201834,False,False
Endo,min10_cells,VSTM2L,2,-0.22453,0.43548,,False,False
Endo,min10_cells,TGM2,1,0.38666,0.54201,0.9664465551886166,False,True
Endo,min10_cells,SDC4,1,0.9058,1.91996,0.5254481021033247,False,True
Endo,min10_cells,PLTP,1,0.50984,1.17623,0.501572521754141,False,True
Endo,min10_cells,CD40,1,-0.15854,0.57101,0.966723196157347,False,False
Endo,min10_cells,SULF2,1,0.21654,0.20047,0.9982206668978284,False,True
Endo,min10_cells,BMP7,1,-0.31226,1.33011,0.8238871094722428,False,False
Endo,min10_cells,GNAS,21,0.0581,-0.41917,0.9474539751380004,False,False
Endo,min10_cells,EDN3,2,-1.29027,-1.79889,0.0820844329518702,True,True
Endo,min10_cells,LAMA5,1,-0.09998,0.02076,0.9982206668978284,False,False
Endo,min10_cells,TNFRSF6B,2,0.21546,2.16643,0.774657205709582,False,True
Endo,min10_cells,CXADR,1,-0.26555,0.51054,0.9982206668978284,False,False
Endo,min10_cells,APP,8,0.48151,-0.61869,0.0811204126578108,True,False
Endo,min10_cells,ADAMTS1,2,0.41489,0.391,0.9982206668978284,False,True
Endo,min10_cells,IFNAR2,1,0.1912,-0.12588,0.9982206668978284,False,False
Endo,min10_cells,DSCAM,91,-0.32052,-1.86282,0.6925298141940069,False,True
Endo,min10_cells,COL18A1,14,0.08204,-0.18639,0.9982206668978284,False,False
Endo,min10_cells,COL6A1,1,-0.03194,-0.34638,0.9536280109259396,False,True
Endo,min10_cells,COL6A2,3,0.33763,-0.29087,0.9982206668978284,False,False
Endo,min10_cells,S100B,2,-0.5886,0.99668,0.8421225114916382,False,False
Endo,min10_cells,IL17RA,1,0.13141,0.13505,0.9982206668978284,False,True
Endo,min10_cells,ADA2,5,-1.44702,2.05752,0.3726275005934116,False,False
Endo,min10_cells,C22orf39,1,0.535,-0.03339,0.9982206668978284,False,False
Endo,min10_cells,MIF,1,0.44993,-0.25284,0.9982206668978284,False,False
Endo,min10_cells,EMID1,1,0.44243,-0.6755,0.9982206668978284,False,False
Endo,min10_cells,TCN2,3,-0.7405,-0.28435,0.9982206668978284,False,True
Endo,min10_cells,TIMP3,3,-0.259,0.2408,0.9982206668978284,False,False
Endo,min10_cells,APOL1,2,-0.40604,-0.21715,0.9982206668978284,False,True
Endo,min10_cells,C1QTNF6,2,0.31587,-0.00214,,False,False
Endo,min10_cells,LGALS1,1,-0.25847,0.01411,0.9982206668978284,False,False
Endo,min10_cells,PDGFB,4,-0.30767,-0.66486,0.9193065370476358,False,True
Endo,min10_cells,CHADL,2,-0.18537,-0.978,,False,True
Endo,min10_cells,FBLN1,3,-0.20852,1.23837,0.5990941091169198,False,False
Endo,min10_cells,TAFA5,61,0.18382,0.16114,0.9982206668978284,False,True
Endo,min10_cells,DHRSX,2,-0.47537,-0.59614,0.7584372870273587,False,True
Endo,min10_cells,MXRA5,2,0.48294,-0.77171,,False,False
Endo,min10_cells,ANOS1,1,1.00393,0.14734,0.9982206668978284,False,True
Endo,min10_cells,VEGFD,2,-1.31635,0.6139,,False,False
Endo,min10_cells,APOO,1,0.16959,1.03577,0.7897417476611661,False,True
Endo,min10_cells,SRPX,1,2.1329,0.33034,0.9982206668978284,False,True
Endo,min10_cells,DIPK2B,1,0.19394,0.05848,0.9982206668978284,False,True
Endo,min10_cells,TIMP1,1,0.88056,1.09628,0.9653595334223182,False,True
Endo,min10_cells,PCSK1N,2,-1.42296,0.76217,0.9664465551886166,False,False
Endo,min10_cells,EDA,5,0.48313,1.81097,0.2621357795352741,False,True
Endo,min10_cells,PDZD11,1,-0.05425,-0.07591,,False,True
Endo,min10_cells,SRPX2,2,-0.62315,-0.23549,0.9982206668978284,False,True
Endo,min10_cells,COL4A5,9,1.07504,0.45166,0.9982206668978284,False,True
Endo,min10_cells,CHRDL1,1,0.25775,-0.33974,,False,False
Endo,min10_cells,PGRMC1,1,-0.14785,0.06864,0.9982206668978284,False,False
Endo,min10_cells,APLN,2,0.60013,-0.26437,0.9982206668978284,False,False
Endo,min10_cells,ENOX2,38,-0.09961,0.71218,0.5254481021033247,False,False
Endo,min10_cells,GPC4,2,0.35684,0.98919,0.772186845431276,False,True
Endo,min10_cells,FGF13,15,-0.76787,-0.63399,0.96998365105482,False,True
Endo,min10_cells,CD99L2,1,-0.38155,0.15932,0.9982206668978284,False,False
Endo,min10_cells,BGN,1,0.29205,0.38169,0.9843398818539808,False,True
Endo,min10_cells,FAM3A,1,-0.7583,0.81892,0.8841940440262835,False,False
Endo,min10_cells,F8,3,0.46962,1.57449,0.5059883000415635,False,True
